#FORMAT: BEACON
#VERSION: 0.1
#TARGET: http://beacon.findbuch.de/gnd-resolver/pw_dbi/{ID}
#TIMESTAMP: 2018-07-09T02:49:06Z
#CONTACT: Thomas Berger < ThB [at] Gymel [dot] Com >
#FEED: https://beacon.findbuch.de/downloads/patchwork/pw_dbi-gndbeacon.txt
#EXAMPLES: 11923212X
#MESSAGE: Dizionario Biografico degli Italiani
#NAME: Dizionario Biografico degli Italiani (partiell)
#UPDATE: infrequently
#PREFIX: http://d-nb.info/gnd/
#DESCRIPTION: Aus der Wikipedia extrahierte Links
#X-REVISION: 22273 [2018-07-08T23:12:27Z]
#X-EXTENT: 4688 unique identifiers of type SeeAlso::Identifier
100001718
100001912
100002773
100002994
100004512
100005500
100005772
100005888
100006531|2
100008143|3
100008186
100008372
100009867|3
100010652
10001187X
100012558
10001271X
100013376
100023762
100024254
100024483
100027946
100030343|2
100044069
100049052
100049974|2
100051340
100052517|2
100055095
100062903
100063845
100070256
10007037X
100072038
100073530|2
100076793
100076874
100079296|2
100079350
100082882|3
100083056|4
100085725
100087345
10008995X|2
100090869
100093094
100101976|2
100103200
100107613|2
100118720|2
100141781|2
10014263X|2
100175368
100194494
100199399
100199755|2
100209211|2
100237932|2
100249582
100254268|2
100257712
100285481
100287905
10031886X
100335578
100350275|3
100374123
100379397
100379877
100380301
100383300
100404243
100415946|2
100419224
100421326
100422020|2
100429521
100433286|2
100455654
100465935
100470254
100471609|4
100481620
100524907|2
100528554
100534651
100540546
10054097X
100541909
100550843
100552110
100637140
100653138
100733700
100734987
100735797|2
100761208
100785484
100788009|2
100818447|2
100836852|2
100857353
100861717
10093515X
100935540|2
100935702|3
100935974
100936032|4
100936040
100936237
100936288
100936296
100936326
100936709
100937047|2
100937365
100937373
100937608|5
100937616
100937624
100937632
100937667|2
100937675
100937918|2
100938167
100938191
100938205|2
100938213|2
100938310
100938353
100938493|3
100938582
100938671|2
100938760|2
100938892
100939112|2
10093921X|2
100939236|3
100939325
100939503
100939538
100939546|2
100939716
100940692
100940730
100941060|3
100941087
100941095
100941958
100942040
100942091|3
100942245
100942946
100942962
100944582|2
100945201
100945716
100946305
100946313|3
100946399
100946690
100947220
100947247
10094745X
100948138|2
100948154|3
100948375|2
100948391
100948936
100949460
100949576
100950094|2
100950108|2
100950132
100950159|3
100950167
100950221
10095023X|3
100951422|3
100951546
100951597
100951880
100951899
100951902|2
100952305
100952607|3
100953018|2
100953026
100953557|2
10095412X
100954170
100954227|3
100954359|2
100954758
100954782
100955223|4
10095569X
100956599|3
100956920
100957021
100957048
100957161
100957404
100957625
100957897|2
100958761|2
100958974
100959989
100960170
100960189
100960510
10096091X
100961436
100961452
100962041|3
100963838
100964893
100965059|2
100965156|2
10096527X
100965415
10096706X
100968457|2
100968899
100969771
100970532
100975720
100981925|2
100984711|2
10099556X
101029772
101071388
101105681
1011157233|2
1011359367
1011395916
1011400073
1011401622
1011418096
1011420074|3
1011423383|2
1011505789
1011545845|2
1011573555
1011603721
1011709457
1011720795|2
1011736314
1011829517
1011851857
1011885565|3
101190067X
101193731X
1011949660
1011949849|2
1011950391
1011950642|2
1011981157
1012244539
1012307352
1012502457|3
1012597814
101260781X
1012655903
101269196
1012823113|2
1013095588
1013140605|2
1013146891
1013232917
1013248848
1013250230
1013264649
1013329228
1013357809
1013360540
1013363531
1013364422|3
1013364872
1013392035
1013393198|2
1013395506
101339844
1013432711
1013433920
1013435125
1013455282
101364261|2
1013705637
1013709454
101374054|2
1013774620
1013805712
1013835719|3
1013861973|2
1013898621
1013937228
1013944771
10140302X
1014041163|2
1014148561
1014325080
1014444721
1014489202|2
1014565383
1015138314
101516367X
101541244
1015763928
1015858961
1016117957
1016231563
101630077
1016455283
1016522444
1016621418
101668821|2
1016698585
101669968
10167872X
1016852312
1016852592
1016853777
1016856415|2
1016858949|2
101685966X
1017072477
1017102279
1017152497
1017167397
1017178062
101740875
101749035X
1017620601
101782853|2
1017898987
1017987157
1017995370
1018031030|2
1018031995|2
1018033351
101810139X|2
1018103929|2
101814353X
1018169571
1018181741
1018184996
101831277
1018415580
101845098X|2
101877128X
1018828818
1018971416|2
1019012285
101901518
101919646
101919794
1019247940
101927606
101932385X
1019431180
101944225
1019726288
1019729627
1019737980
1019737999|2
1019743107
1019745274|2
1019746289
101984219
1019855436
101997728|6
101997779|2
102011125
1020212896
1020293071
1020369884|3
1020459212
1020549084
1020724528
1020725184
102076200
1020765798
1020796324|2
1020819995|2
1020855363
102088349
102089802X
1021072591
1021104124
1021157783|3
1021206636
102128006
1021324892
1021672505|2
102203216X|2
102209103
102215317X
1022153447|3
1022644076
102277350X
1022808656|2
1022832824
1022854712
102296367|2
1023007169
1023008483
1023019787
1023060736
1023063891
1023113538
1023115026
1023183749
1023185016
1023186225|2
1023328569|2
1023332558|4
1023334461
1023365464
1023399946
10235412X
1023569558
1023577690|2
1023668874
102373620
1023739402
102374082
102374392
10237497X
102375054|2
102377138
1023867508
1023892162
1023893894|2
1024101495|2
102411115
102414181
1024172732
102418721|2
1024187802
1024187918
1024188191
1024190951
102420246|2
102420300
10242232X
102422362
102423865
10242425X
102425140
102425434
102425981
102426848|3
102428352
102431221
1024321428
102432309
102432759
102433402
102435006|2
102437688
10244269X
102458855
1024636291|3
1024721329|2
102472696
102475660
102477337
102482215X
102498482|3
10249956X
102500436
102501254|2
102501653|2
102502099
10250377X
1025052331
102512078|2
1025139917
102517266|3
102517460
102517924|2
102519552|3
102534373
1025356624
1025445333
102548781|2
102551057
102551081
102551731
1025520580
1025564502
102559589
1025841433|2
102591368X
102597073
1026070740
102607312X
102614571
102618603X
102619239
1026216966
1026226570|2
1026813638
1026851467
1026909139
1027152473
1027194370
1027202985
1027433227
1027608604
1027826709
102793131
1027968163
102833257
1028338430|2
102834695
10283637X|2
1029523614
1029700869|2
1029974918|3
1030114390|2
1030233861
1030292388
1030392234
1030485933
1030599793
103085408
1031155074|4
1031158294
103120793
10312585X|3
103129138
1031298533
103130578
1031412603
10315860X
1031897550
1032035374|2
1032091126
1032577134|2
1032644249
1032871105|2
1032911425
1032985550
1033190802
1033388777|3
1033463450|2
103350288X
1033653829
1033681644
1033818003|2
1033819441
1033928593
1034060198|2
1034089617
1034113755|4
103411610X
103417567
1034323342
1034406809
1034436813
1034443968|2
1034824430
1035397811|2
1035421925
1035434709
1035467798|2
103552466X
1035534347|2
1035791161|3
1036141306
1036225011
1036370518
1036371840
1036528057|2
1036942996
1037004566
1037230264
1037274148
1037283678
1037557832|2
1037557840
103756779X
1037568850
1037716132
103792198
103796320
103804242
103809996
103812180
103814744
103840265
1038507987
103866981
103892354|2
103915559
103926402
103982329
10401993X
104048638
104056967
104067020
104069341
104073837|3
10407440X
104074736
104093994
104100923
10410399X
104104945
104106123
10410662X|2
104106735
104113057
104114991
1041228317
104123397|2
1041239351|2
1041280947
104128941
104144149
1041692242
1041799713
104192836|2
104193395
104198273|2
104201606|2
1042062455
104207019
104207426|4
10420902X
104211466|2
10421242X
104212748
104213639
104213671
104213795
104213817
104216239
104222697|3
104228571
104237333|2
104239883
104240075
104246103
104246901
104268425
104272392
10427638X
104277777
104277882
104290560
104290935
104312491
104315318
104315385
104315806
104317957
104324260
104325631
104326107
104327782|2
104333073|2
104334029|2
104335882
104335920
104343222|2
104346833|2
104349220
104349336
104350288
10435089X
104353287
1043540202
104364246
1043694935|2
1043720979
104382006X
1044569948
1044879785
1044951788|2
1045118915
1045189243
104574526
1046205668
1046441485
1046634372
1046657615
1046711369
1047455005|2
1047573695
1047600471
1047777304
1047809508
1048166309
1048233375|2
1048252949
1048735052
1049558588
1049700198
1049853644
1049917057|3
1049919815|2
1050392361
1050402448
105040274X|2
1050469488
1050470796
1050470834
1050553853
1050672070
1050673220
1050676858
1050682580
1050695542
105109271X
1051409535
1051427878
1051987091
1051993024|2
1052173810
1052302912
1052497292
1052503756
1052516750
1052519822
1052526268
1052596371|2
1052654231
1052692834
1052843239
105284488X
1052888291|2
1053050577
1053091117
105313598X
1053408854
1053809638
1054038465
1054320144
1054430845|2
1054653690
1054664471
1054728224|2
1054874271
1055090002
1055090037
1055090436
1055090533
1055117016
105513574X
1055135944
1055147063
1055147136|2
1055148183|2
1055149007
1055158774
1055171681
1055177582
1055177760
1055186530
1055186670|2
1055186700
1055192123
1055198792
1055198881
1055199128
1055201521|2
1055213775
1055215158|2
1055220380|2
105522100X
1055226397|2
1055235183
1055235248
1055235302
1055236503|2
1055236775|2
1055259058
1055259090
1055262121
1055262164
1055262180
1055263632
1055265074|2
1055266690|2
1055287280|2
1055293612
1055295542
1055297111|2
1055298665
1055303359
1055330380
1055334742
1055347984
1055349189
1055358242
105536241X
1055363491
1055372156
1055382097
1055395970
1055417613|2
1055433813
1055460195
1055486240|3
1055505628
1055506438
1055507086|2
1055508422
1055512446
1055532692
1055534431
1055535691|2
1055535705|2
1055556133
1055587314
1056102020
105704385|2
1057139815
1057261580
1057490245
1057640719
1057749915
1057887099|2
1057982962
1058039741
105820923X
105833042X|2
1058893378
1058991817
1058994786
1059122464
1059145235
1059301873
105937210X
1059411865
1059555506
1059781921
1059829851|2
1060078112
1060451778
1060583925
1060772981
1060790033
1061006166
106115890X
1061393534
1062040074|3
1062111362
1062661133
1062752252
1063048117
1063179467|2
1063319501
1064170358
106479176X
1064889379
1065257775
1065614497
1065685661
1065698224
1065830939
1066284741
1066986061
106717022
1067270752
1067438173
1067651888
1067755098
1068032189
1068322799
1068561599
1068661720
1068875585
1068898100
1069361437
1070589683
107091696X|2
1071544640
1071588400
1071839969
1072193663
107222612X|2
1072300826|2
1072711702
1073131114
1073553299
1073559769|2
1074215478
1074379950
1074420802|4
1074543513
1074951328
1075515718|2
1075556155|2
1076741126|2
1076795242|2
1077271581
107775437X
1078249741
1078856168|2
1079225021
1079455833
1079620583
1079997326|3
1080001735|3
1080034218|2
1080535632
108197468
1082403482
1082509469|2
1084012901
1084145723
1084804107
1088770762
108910989X
1089112866|2
108911351X
1089118414|2
1089124678
1089168756
1089195559
1089206771
1089253001
1089274971
1089326351
1089372868
1089404794
1089408390
1089471858
108949663X|3
1089522207
1089593740|2
108960064X|2
1089610955
108961599X
108962347X|2
1089629591
108968617X
1089696302
1089718195|2
1089730225
1089738609|2
108978273X
1089789815
1089825293
1089843984
1089883692
1089904487
1089922426
1089924410
108994022X
1090189958
109022527X|2
1090234937
1090276346
1090295030
1090747888
1091587922|2
109388133X
1096254727
1096479508
1097780279|2
1098211189
1099982626
1100381759
110089747X
1101605480
1101607629
1102149942
1102373680
1102899305|2
1103143050
1103697722
1104177986
1104517450
1104950502
1106361202
110660609
1110204183
1111043582
1112574557|2
111407991X
1114080020
1114309478|2
1114425486
1115483854
111554667
1119835410
112102940X
1123245959|2
1123303061
1124612793
1128920581
1129127028|2
1129692612
1130430588
1130876306
1131364384
1131663799
113613476X
1136310703
1136926658|2
1137070854
1137117559
1137168307|2
1138374296
1143552598
114983434X
115361871|3
115370587
115428364
11542931X
115453814
115457305
115457658
115457755
115458085
1154606430|2
115467971
115477217
11549510X
115495622|3
115501479|2
115527036
115532307
115539522
115558071
115571248
115602194
115606831
115620478|2
115620958|5
115630791
115791469|2
116003332|2
116003340
116003863|3
116004878
116005262
116007052
116014202
116015985|2
116016671|3
116021039|2
116023570
116032022|2
116041668
116047739
116052074
116052546
116064293|2
116064420|2
116068434|3
116075341
116077778
116077883
116078634
116081716
116097701|2
116115912
116123230|2
116128771
116137657
116149647
116149663|4
116149671|2
116155973
116155981
116161256
116161310
116165499
116179015
116182415
11618373X|2
116199679|2
116203315
11621192X
116216468|2
116237317|2
116237570
116257725
116264950
11626604X
116267119
116269324
116271884|2
116275235|3
11629647X
116297034|2
116297107|3
116301988
116309792
116310472|2
116315504
116316225
116324570
116327472|2
116341203|2
116369833
116371315
116383658
116389117|2
116390352
116396229
11640065X
116407689|2
116410620|2
116412917
116413816
11643323X
116436867
116436875
116436956|2
11643712X
116439475
116447389
116448040|3
116448067
116448210
116448342|2
116448415
116452498|2
116456779
11646402X
116464526
116465751
11646576X
116466219
116466804
11646917X
116470372
116470550|4
116471425
116472189|2
116472375
116472391
116472766
116472774
116477318|2
116478055
116478209
116479620|2
11648005X
116480211
116480777
116481080
116502509
116504803
116505052|2
116506059
116517115|2
116517131
11651714X
116517158
116517174
116517263
116517301
116517417
116523972
116527870
116532041|2
116532068
116542063
116542675
116563818
116612584
116615451
116616512
116621133
116621656
116634464
116634669
11663474X
116636602|2
116637005
116639679|2
116644990
116646268|2
116647302
116649283
116656018|2
116656069|2
116660821|2
116661372
116667982
116668032
11667055X
116670940
11667279X
116678429|2
116685336
116685433|2
116686103
116686111
116690100
116693002
116693169
116693347
116713313
116720700
11672076X
116725745|2
11672594X
116725982|2
116726024|2
116727241|3
116731869
116749342
116760567
116762055
116772204
116775513|2
116775793|3
116776943
116781211
116785705
116787368
116794054
116811757
11681232X
116817461
116823577
116829990
116834277
116835818
116836121|4
11687189X
116871997
116875941
116882565
116886749|2
116901403
116906979
116906995
116907908
116920505|2
116920890
11692425X
116930209
116941022
116975873
117004766
117011290|2
117012831
117013110
117031518
117036064
117038946|2
117041165
11704122X|2
117041645
117048496
117049557
117064661|2
11713418X
117143774
117144428
117147427
117160555
117186058
117188107
11718912X
117191612|2
117211184
117211834
11721678X
117245453
117245569
117377856|2
117498300
117498564
117498726
117507784
117518387
11751862X
117518956|2
117519057
117520055|3
117528145
11752932X
117530247|2
117534609|3
117540609
117540749
117541230
117541249
117543659|2
117543748
117544442
117550256|2
117552003
117556890|2
117557013
117559792
117567485
117567922|2
117574392|2
117578592
117579483
117582395
117584029
117584363
117586153|2
117586285
117587508|2
117589284|2
117590282
117605131|2
117606227
117614947
117617296|2
117618756
117621498
117622044
11762683X
117628743
117632244
117637157
11763834X
117648019
117649325
117649899|2
117650676
117650897
117656429|3
117662054|2
117663077|2
117666203|2
117666947|2
117668257
117668893
117669113
117669555
117672068
117672130
117673072
11767530X
117676314
117678694
117678767
11768435X
117684481
117688185|2
117688797
117688886
117692190
117692441
117698725|2
117700045
11770007X|2
11770024X
117700355
117703613
117709182
117709204|2
117736147
117737224
117746835
117746886|2
117756822|2
117760889
117761273
117762474
117763624
117763837
117766348
117768103
118039180|3
118089641
118153838
118178644
118182471
118500198
118500805
118501801
118501836
118501844|3
118502441
118503073
118503243
118503510
118503804
118505483
118506668
118506994
118508679
11850889X
118508911
11850987X
118509926
118510606|2
11851217X|2
118512188
11851282X
118513028|2
118513060
118513176
118513257|2
118513745|2
118513753|2
118516086
118516108|2
118516132|2
118516221|2
118517481
118518348|2
118518429|2
118518542|3
118518577
118518860|2
118519018|2
118519204
118519247
118519255|2
118519417
118519514|2
118519573|3
118519778
118519794
118519875
118519956|3
118520644|2
118521292|2
118521365|2
118521624
118521683
118521926
118521977
118522728|2
118522779
118522787
118523708
118523821
118524208
118524305
118524577|2
118524585
118526693
118526731
118527169
118527711|3
118531328
118531689
118531891
118532677|2
118532855
118534483|2
118535293
118535765
118537024
118537229|2
118537865
118538292
118538594
118539086
118539108|3
118539426
118539477|2
118539965
118540505
118541463
118541854|4
118541862|3
118541870|2
118541889|2
118541897|3
118543091
118543415
118543431
118543512
118544306
118544365|3
118555642
118555650
118555669|3
118555677
118556398
118556401
118557564
118557882
118557904|2
118557912
118558005
118560581
11856059X
118563106
118563114
118564994
118565141
118565222|4
118568698
118569112|3
11856921X
118572326|2
118574140
118574205
118574418|2
11857471X|3
118574825|2
118575171|2
118575287
118575775
118576542
118576666
118576933
118577018|2
118577336
118577387|4
118577409|3
118577654
118577921
118578286|2
118578618
118578715
118579703
118579754
118582143
118582941|2
118583166
118583611
118583697
118583808|2
118584189
118584219|2
118584332
118585827
118585967
118586971
11858751X
118588044
118588052
118588672
11859186X
118591894
118591908
118592068
118592289
118593234
118593315
118593331
118594575
118594702
118594737
118594745
118594753
118595512|2
11860256X|3
118605178
118617761
118625918
118626647
118632957|5
118637657
118637819|4
11863819X
118638203
11863822X|2
118638254|3
118638319|2
118638394|2
118638459
118638521
118638610|3
118638653|3
118638688|2
118638777
118639021|2
118639072
118639188|3
118639242
118640100|4
118640194|3
118640313|2
118640429|2
118640437
118640445|2
118640569
118641301
118641522
118642774
118643169
118643681|2
118644211
118644300
118644432|2
118644599
118644807|3
118644815|2
118644904|2
118645021
118645374|2
118645897
118645927|2
118646079|2
118646125
118646281|2
118647113|2
118647296|2
118647911|2
118647954|2
118647989|2
11864808X|2
118648098
118648799
118649027|3
118649353|2
118649981
118650033
118651242
118652419
118652885
118653008
11865330X|2
118653539
118654187
118655183|4
118655191|2
118655426
118655434|2
118655442
118656589
118656678
118656759
118657011
118657100
118657119
118657224
118657461|2
11865750X|2
118658093|2
118658115|2
118658417
11865859X
118658778|2
118658786
118658867|2
118659170|2
118659359
118659367
118659448|2
118659774|3
118660993
11866106X
118661302
118661337
118661450
118661469|2
118661477|2
118661590
118661809
118661957|2
118662074|2
118662112
118662554|2
118662694|2
118665049|2
118666053
118666622|2
11866672X
118666789|2
118666797
118666843|2
118667505
11866753X|2
118667645
118668013
118668021
118668129
118668137
118668277|2
118668285
118668331
118668366|4
118668404
118668420|2
118668463|2
118668536|2
118668544|2
118668714|2
118668854
118668900
118668951
118668986
118669222
118669524
118669621
118669753|4
118669788
118669818|2
118669834|3
118669931
118670050
118670131
118671537
118675354|3
118675400
118675923
118676423
118676679
118676717|2
118676997|2
11867708X
11867790X|3
118678841
118679066|2
118679368|2
118679384
118679899
118681354
118683004
118683012
118683268
118683322
11868339X
118683411
118683438
118683500
118683845|5
118684094|2
118684116|2
118684175
118684450|2
118686151
118686208|3
118686526
11868700X|3
118687182|2
118688383|2
118689061
118689118
118689258|4
118689487|2
118689592
118689614
118689657|2
118689746|2
118689770
118689878|4
11869247X|2
11869507X
118695533
118697102
118697188
118697315
118697382|3
118697390
118697404|2
118697412
118698753
118698761|3
11869877X|2
118702211
118702262|2
118702270
118702300
118702394|3
11871077X
118710788
11871256X|3
118712578
118712632
118713272
118714910|3
118716069|3
118716077|2
118716123
118716204
118716239
11871676X
118716808
118716832|2
118716840|2
118716859
118716999|2
118717227|4
118717235
118717243
118717251
118717499
118717529|2
118717537|2
118717553
118717588
118717596
11871760X
118717804
11871810X|2
118718339
118718347
118718428|5
118718525
118718533|2
118718673
118718681
11871869X|2
118719211
118719440|2
118719785
118721224
118723510|2
118725777|2
11872620X
118727494
118727508
11872763X|2
118728075|2
118728539
118728970
118729063|2
118729071
118730630|3
118730819|2
118730975
118731009
118731076
118731386
118731394|2
118731726
118731815|2
118731912|2
118732420
118732463|2
118732498|2
118732501|3
118734547
118734903
118734962
118735578
118735586
11873685X
118736876|2
11873699X|3
118737945
118739530
118739646
118739964
118740474|2
118740490
118740504|2
118741292|2
118741691
118742418
118742736
118742744
118742752|2
11874285X
118745220|2
118746928
118751034
118761145|2
118763350
118768158
118768220|2
11876831X
118774948
118775693|4
118776258
118776266
118776541
118777335
118778528
118779516|2
118779877|2
118779966
118780123
118780220
118780360|2
118780379|2
118780417|2
118780433|2
118780492|2
118780859
118781197
118781340
118781367|2
118781375
118781391|2
118781553
118781804|2
118781812
118781847|2
118781936
118782215
118782339
118782363|2
118782428|3
118782533
118783114
118783157
118783327
118783432
118783718
118783769|2
118783831|2
118784641
118784668|2
118784765
11878496X
118785508
118785745
118785893
11878627X|2
118786679
118786709|2
118786946|2
118787187
118787233
118788663
11878935X
118789554
118789562
118789619
118789791|2
118789805
118789821
118789880
118789899|2
118789961
118790587
118791214
118791222
118792261
118792326
118792415
118792423
11879244X
118792628
118792903
118793977
118794280|2
118794426
118794477
118794752|2
118795937
118796410|3
118796623|2
118797859|2
118799770|3
118799916
118802488
118804073|2
118805479|2
118805487|3
118808761|2
118810987|2
118812920
118819712|2
118820745
118821504
11882421X|2
11882497X|2
118827065
118827472|2
118828274
118828622
118828630
118829513|2
118829521
11882953X
118830112
118833324
118834363|2
118834487
118834592|2
118834673|2
118834762
118834770
118834797
118834886|2
118834908
11883519X
11883522X|3
118835475
118835556|3
118836420
11883665X
118837125
11883715X
118837192
11883827X
118838296
118839101|2
118839470
118839489
118839926|2
118840312|3
118840428
118841009|2
118842749|2
118844520
118845918
118845934
118845942
11884623X
118846566
118847570|2
118847694|2
118847783
11884816X|3
118848747
118848828
118849050
11884914X
11884928X
118849565
118850571
11885139X
118851594
118852124
118852361|2
118852507
118852787
11885299X
118853082|2
118853597|2
118854100
118855263|2
118855638|2
118855840
11885660X
118857126|2
11885772X
118859269|4
118859404|2
118859471
118859587
118859927
118860305
118862359|2
118862421
118863525
118864874
118865978
118867954
118869205
118869299|8
118869841
118869868|2
118870262
118870343
118870475
118870548
118870556|2
118870564
118870661
11887067X|2
118870718
118870734
118871056
118871692|3
118871811
118872176
118872362
118872451
118872508
118873652
118874225
118875647
11887604X
118876546
118877496
118877844
118879006
118879014|2
118879510
118879901
118879928
118879952
118880195|3
118881655
118881779
118882252
118882449
118882503|2
118884840
118884956
118885715
118885804|2
118886207|4
118886460
118887254
118887610
118888544
118889168
118890026
118890743|2
118890751
118891022
118891138
118891952
118892665
118893734
118895931
118896229
118896393
118897667|2
118898027|2
118898205
118898434|2
11889871X
118898825|2
118899007|2
118899015
118899236
118899341
11889952X|2
118899589
118899600
118899872
118899880
118900099
118900919
118900927
118901338|2
118901753|3
118901842
118902156
118902199
118902954|2
118902962
118902970|2
118904132
118904353
118905015
118907506
118908766
118909754
118910841
118910981
118911023
118911090|2
11891197X
118912429
118913174
118913271
118913298
11891345X|3
118914464|2
118914510
118914529
118915967|2
118916238|2
118916300
118916343|2
118916351
118917358
118917978
11891801X|2
118918052
118918834|3
118918842|3
118918877
118921789
118921819
118922726
118922939|2
118924885
118925059
118925113
118925792
118926381
118929100|2
118930192|4
118930710
118930737|2
118931261
118933302
118935003
118935550|2
118935607|3
118935666
118936794
118937669
118937677
118937790
118938118
118939009
118939173
118940147|3
118941941
118941968
118941976
118942735
118942743
118942824
118945629
118948008
118950533|2
118950541
118951203|4
118953486
118953494
11895363X
118954067|4
118954334|2
118954393
118954857|2
11895489X|2
118955187
118955314|2
118955527|2
118955535|2
118956337
118956906
118958437
118958682|3
118958690
118960350|2
118960636|2
118962337|2
118963260
118964720
11896500X
118965808
118965956|2
118967282
118968335
118968580
118968653
118968963
118970976
118971034
118971123
118973436
118975358
118976176
118976265
118976281|3
118976435
118976931
118977032
118977326|2
118977334
118977547
118978128|2
118981978
118982028
118982397
118982699|2
118982818|2
118983342
118983709
118988018
118988328|2
118989138
118989154
118989189|2
118989863
118990233
118992074
118993496
118993623
118994727
118995200
11899526X|2
118996193|2
118998242
118998331
118998358
11899879X|2
118998811
118998838
119000725|2
119001446|3
119001683
119002523
119002639
119002949
11900318X
119004208|2
119004607
119004941|2
119005220
119006162
119007894|2
119008041|2
119008076|2
119008319
11901176X
119011778|2
119011840
11901257X
119013622|2
119014386|2
119014556
119014599
119015609
119016036
119016079
119020017
119021501
119022079
119022257|2
11902229X
119022524
119023520
119024098
119025353
119025752|2
11902652X
119026724|2
119028514
119031159
119032430
119033372
119035545
119035553|2
119036037
119036290
119036363
119036479
119037602
119038072
119039370
119039842
119040425
11904059X|2
119042975|2
119043238
119043459
119043564
119043599
119044021
119044080|2
119044218
119046377|2
119046776
119049066|2
11904918X
119049945
119050188
119050811
119050927
119051796|3
119053357
119053659
119053934
119054647|2
119055678
119056143
119056453
11905762X
119058421
119059843|3
119060752|2
119061104|2
119061198
119061511|7
119061961|2
11906233X
119062380|2
119062518|2
119062526|2
119062984
119063018
119063093
119064189
119064324
119064790
119064979
119065037
119065576
119065800
119066076
119066777|2
119068168
119069946
119070758
119071061
11907107X
119071665
119073315
119073382
119073587
119073978
119076578|2
119077000
119078244
119078929
119078961
11907897X
11907950X
119079763|2
119080273
119080362|3
119080478
119081458
119082446
119082624
119082918|2
119083442|2
119083450|2
119084147|4
119084686
119085151
119085917
11908631X
119086395|2
11908676X
119088770
119088789
119089076
119089424
119089726
119089777
119090309
119090392
119092212|2
119092344
119092468
119092476
119092751
119093081
119094800
119097028
119097249
11909729X
119098555
119098857|2
119102978
11910363X
119104423
119104431
119105160
119105179|2
119105381
119105683
119106094
119106833|3
119107961
119110040|2
119110520
119111098|3
119112833
119113856
119113872
119115735
119116480
119116650
119117851|2
119119064
119120070
119120658|3
119121344
119123126|2
119123266
119123274
119125552|2
119128292
119129256
119130025|5
119130262
119132591|3
119133164
119133199
119133660|5
119136503
119137399
119137534
119138158|2
119138883|4
119139162|2
119139170
119141469|2
119141493
119145014
119146355|2
119146371
119146975
119147084
119147262|2
119147378
119148668
119149281|2
11914929X
119149370
119149389|2
119149974
119150069
11915143X
119153963
119154587|2
119157918|3
119158027
119158299|2
119159783
119161613
119161915
11916194X
119161974
119162016
119162059
119162091
11916339X|2
119163586
119164248|2
11916437X|3
119166003
119166798|2
11916681X
119167476|2
119167603|3
119167670
119168731
119169169
11917118X
119171295|2
119171694
119171864
119172275|2
119172798|2
119174022
119177013
119177471|2
119177501
119177560
119177609
119178362
11917894X|2
119181037
119182998
119185245
11918530X|2
119185326
119186268
119187426
119188244
119189690|2
119190087
119190133|2
119190230|3
119190559
119190982
119193256
119193957
11919399X
119194031
11919404X|2
119194058
119194392
119194414
119195003
119195089
119195100
119195119
119195313
119195828
119196255
119198193
119198428|2
119198487
119198525
119198649
119198657|2
119199157
119199696
119199742|2
119201518
119201658
11920245X|2
119207133
119208180|2
11920875X
119210436
119210959
119211106
119212064|2
119212188
119212293|2
119212307
119212706
119213354
119217570
119217597
119217783
119217791
11921914X|2
11922030X|2
119220806
119223414
119223775
119224267|2
119225034
119225042
119228106|4
119228521
119229269
119229641
119230429
119230860
119230895|4
119231492
119232111|2
11923212X
11923579X
119238675|2
119240351|2
11924036X
119241234|3
119241846
119242133
119242583
11924358X|2
119243865
119244349
119244942|2
119245108
119245132
119245655
119246155
119246651
119248506
11924909X
119249154|2
119249189
119249316|4
11925011X
119252406
119252457|2
119253933|2
119253992
119254603
11925476X|2
119254786
119254948
119255936
119255960
119256622|2
119258056|2
119261286
119262290|2
119263548|4
119264080
119264919|2
119264935
119264951|2
119265095
119265249|2
119265702
119268612
119268671
119268884
119269805
119269953|2
119270323
119270412|2
119278723
119281937|2
119282100
119282216
119283999
119284006
119284642
11928474X
119284766
119284820
119287749
119291096
119291177|3
119291592|2
11929169X
119291967|2
119292599
119292823
119293234|2
119293366|2
119293412
11929348X
119293501
119294214
119295369
119296195
119296543
11929737X
119297493
119297507
119298147
119301814
119302187
119303744|3
11930466X|3
119305356|2
119310082
119310805
119315726
119315777
119316250
119316765
119316951
11931701X
11931715X
11931777X|2
119318938
119320320
119321599
119321637|2
119321653
11932170X
119322218
119322390
119322870|2
119323265
119324512
119324687|2
119325292
119325373
119326981
119328887
119328984
119329514
119329530
119331373
119332558|3
119333090
119333163
11933318X|3
11933321X
11933352X
119334364
119334720
119336324
119336367
119337363
119338025
119338106
119340674|2
119341026
11934145X
119341956
119344289
11934436X
119344378
119344483
119344904
119345323
119345382|2
119345544
119348470
119349639
119350033
119351706|2
119351749
119352966
11935487X
119355647
11935571X
119355744
119356260
11935649X|2
119357151|2
119358751|2
119358824
119361086
119361213
119364131
119364301
119364360
119364409
119364565|2
119364662
119367092
11936820X
119372479
119372843|3
119372983|2
119372991
119373009
119373157
11937319X
119373351
119374161
119374293
119374307
119374366
119374862|2
119375230
119376652
119380161
119381842|2
119382334
119382431
119382512
11938261X
119383314|3
119383535
119383543
119384264|2
119385368|3
119385481
119386119
119386445|3
119387425
11938762X
119388219
119388359|2
119388391|2
119389134|2
119389320|2
119389401|2
119389533
119389630
119390019
119390035
119390043
119390051|2
119391856|3
119392364
119392526
119395304|2
119395835
119396645|2
119398885
119399229
119399660|3
119399784|2
119399814|2
119399849
119399903
119401452
119401657
119403331
119404192
119404788
119404893|2
119405938
119406071
119406608
119407191
119407310
119408007|2
119408333
119408368
119408406
119408414
119408422
11940883X
119409100
119409186
119409216
119409224
119409240
119409542|2
119410435
11941094X
119411458
119411490
119411563
119414651|2
119415739
119415984
11941919X
119419661
119421410|2
119421488|6
119422271|2
119424452|2
119425122
119425602
11942651X
119426846|2
119427060|2
119427303
119429411|3
119429713
119432021
119432242|2
119433427
119435934
119435993
119436167
119439271
119439441
119439549
119439565
119439603
119441845|2
11944187X
119443880
119445492
119446448|2
119446499|2
119447312
119447754|2
119448238|3
119448246
11944898X
119450909
119454270
11945484X
119454866
119455129
119455358
119455404|5
119455463
119456907
119463474
119466147
119466686
119468646
119470047|2
119470055
119470241
119470292
119470675
119470691
119470756
119470764
119470829
119470853
119470918
119471760
119472422
119474565|2
119477718
11948059X
119480972|2
119481499
119481715|2
11948420X
119485702
119485737
119487616|2
11948823X
119488469
119488647
119490153
119496550
11949826X
119498863
119498901
119499320
119499983
119500396|2
119500639|2
11950247X|2
119503069
119503115
119503158
119503662
119503816|2
119504154
119504707
119505304
119505703
119508001
119508125|3
119508656|2
119508796
11951107X|2
119511266
119511274|4
119511622|3
119511630|3
119511754|2
119513692
119513838
119514567|3
11951463X
119515172
119517906|3
11951897X
119520303|2
119521482
119523957|2
11952533X
119525429
119525542|2
119526077|2
119528096
11952872X
119532387
119533219|2
119533383
119533391
119533545
119533561|2
119533634|2
119533642
119533650
119534487
11953469X|2
119535165
119535386
11953763X
119539780
11954007X
119540266
119540673
119542315
119542420
119542838|2
119544423
119544733
119545292
119546035|2
119546612
119547228|2
119548690|2
119548798
119553635
119554224|2
119554267
11955562X
119556731|2
119559684
119559854
119607581
119608553
119609657
119624001
119625563
119637057|3
119637065
119650355
119673940
119680327|2
11968568X|5
119686341
119694484|4
119746247
11975911X|3
119771381
12000304X
120006227
120006340
120008793
120011271
120021323
12003302X|2
120033224
12003798X
120076721
120089343
120091283
120117495|5
12012033X
120120593|2
120121743
120132001
120134837
120137208
120144883
12016261X
120168081
120169487
120175061
120175118
120186497
120193205
120201887|2
120206676
120214474
120217562
120230666
120234866|2
120235935
120235978
120236524
120236567
120237873
120254662
120258412
120266377
12027809X
120278316
12028250X
120314401
12031942X|2
120319578|2
120336898
120345927
120400634
120403188|2
120404710
120407604|2
120414147
120456052
120491931
120494930|2
120540339
120541505
120558580
120570823|2
120581035
120584581|2
120585650|2
120594579
120595214
120607220
120609495|2
120611511
120646994
120647257
12065959X
12066304X
120666189
120668351
120668912
120669161
120672073
120682311|2
120686341|2
120701502
120702940|2
12071874X
12073253X
120736233
120740095
120752840
120799332
120810212
120819368|2
120820242|2
120820285|2
120820323
120856379|2
120862514
12086844X|2
120896990
120917696
120917769
12092126X
120924587|2
120935902|3
120938456
120956136|3
120972522|2
120984814
120995506
121001156
121014711
121021432
12102587X|3
121035840
121040852|2
121041131|3
121041530
121041964
121059669
121065995
121075265
121077276
121090760
12109099X
121091007
121091651
121094820
121095509
121095576|3
121098915
121117383
121122875|2
121125157
121125270|3
121125483
121125785|2
121125815
121136264
121152596
121160475
121166740
121177734|3
121179613
121195600|2
121199711|2
121250830|2
121260631
121261182
121261360
121283682|2
121288900|3
121290565
121294609
121294951
121298108
121303071
121304493
121305511
121321657
121324028
121328023
121336921
121337243|2
121343685
121348970|2
121349446|2
121375471|2
121377369|3
121377393
121377431
121377458
121379760|2
121380637
121384519|2
121396495|2
121396932|2
121401529|2
121405842
121409171
121420930|3
121425800
121426343|2
121430189
121448703|2
121448800|2
121449491
121452441
121460460|3
121463869
121465691
121486818|2
121487369
121493520
12153538X
121536092
121546322|2
121561178
121568946
121585603
121594475
121594939
121623882
12166032X
121664678|2
121670805
121675076|2
121675580|4
121675599
121675890
121693597|2
121698106
12170758X
121750035|3
121752984
121753220|2
12175846X
121767787
121772330
121775348
121788326
121807363|2
121813657
121823768
121823946|2
121838951|2
121841871
121843688
121843874
121855473
121857484
121865452
121890120
121900274
121906914|2
121907821
121911152
12191772X
121920658
121940950|2
121948234
121949087
12195546X|2
121960773
121964205
121964795
12196664X
121966747
121968251
121969479
121976998
12198012X
12198365X
12199547X|2
121997979
122010914|4
122011732
122017536
122020944
122028694
122030915
122036468
122038908
122054679
122073258
122075390|2
122077555
122088409
12208909X
122096592
122099648
122099842
122100018
122109961
122110366
122116429
122124960|2
122147855
122156706
122157273
12216878X
122187903
122191129
122192117
122192168
122208293
122221648
12222518X|2
122229894|2
122230132
122234456
12223927X|2
122239377
122239598
122242149
122246705
122250214
122262662
122272145|2
122274539
122277147
122303660
122309766
122312902|2
122323475
122336216
12233969X
122340566
122343204|3
122360389
122363078|2
122374282
122376544
122377680|2
122383729
122386655
122399684
122428501
122428609|2
122440676
122451759
12245670X
122461878|3
122469453|3
12247189X
122479807
122484967
122485955|2
122494849
122503341|2
122504941
122504992|2
122509005|2
122531329
122545575|2
12256863X
12259116X
122630084
122635361
122640519|2
122645839
122648625
122656199
122658809
122659937|2
122665104|2
122666526|2
122676718
122678605
122682343|2
122691474
12270049X
122707958
122724127
122727754|2
122734912|3
122739531
122748255
122758811|2
122763114
122773756
122774582
122776356|2
122776526
122779606
122779983
122783239
122788346
122792734
122802381|2
12280239X
122810767
122815661
122817052|3
122817575|2
12281875X
122823117
122826450
122831683
122832264
12283349X
122840100
12284906X
122864816
122864980|2
122865200|2
122872304
122881249
122884272|2
122894510
122901479
122901592
122912985
122917022
122918320|2
122920821
122922468
122935543|2
122939131
122948211
122948769
122964500
122970470
123030137|2
123038723
123045177
123051614
123056101
123057531|3
123063795|2
123072476
123073707|2
123075459
12307908X|2
123082420|2
123091063
123097843
12309898X
123100798
123115930
123119081
123129850|2
123153387
123159253|2
123162750
123165687
123169046
123176344
123177154
123218926
123220610|2
123222133
123227658|4
123230179
123234964
12324496X
123251249
123258049|2
123259444
123259908|2
123270340
123280524
123281571
123287057
123302722
123312663|2
123313368
123315611|2
123324475
123330688
123352983
123353483|5
123370418
123372178|3
12337717X
123380502
123386004|2
123394481
123405351
123425077
12342822X
123435161
123438128|2
123439566
123439736
123440025|3
123441153
123446465
123447925
123450934
123451035
123453968
123454832|2
123455111
123455235|2
123463823
12346496X|2
123479274|2
123479290
123481708|3
123481732
123489113
123489202
123502764
123510554
12351066X
123521033|2
123535646
123540224
12354307X
123550947
123555280
123556341|2
123556783|4
123556791
123556805
123556945
123557097
123557356
123575257
123581354
123582784
123588855
123590531|2
123591694
12360060X|2
123601533
123610273|2
123610311
123612578
123616298
123617596
123617812
123631270
123633958
123651360
123664284
123667542
123667666
123673739
123683637
123709385
12371155X
123721644
12373195X
123740274
123750296|3
123757703|2
123791081|2
123804566|2
123808103
123821649
123826438
123833086
123839289|2
123851513
123881439|2
123881730|2
123907187
123913179
123920396
123924855
123937620
123951569
123951720
123956633
123969891
123983517|2
123987040
123998204
124000452
124006140|2
124029779
124033083
124041035
12405532X
124057438
124062296
124071473
124074987
124077579
124089917
124090605
124111653|2
124115314
12411718X|2
124117732|2
124120342
124124119
124129854
124134246
124135099
124135129
124140432
12414098X
124144047|2
124150365
124156312
124161227
124163319|2
124163629
124165079
124170463
124178030
124191029|2
124194516
124196853|2
124198449
124207758
124216250|2
12422217X
124231330
124233031
124239056
124239951
124246141|2
124254756|3
12425747X
124268420|2
124268749
124269931
124270441
124283071
124298001
124313914|2
124315356
124327648
124330037|2
124331165|2
124336086|2
124336582
124339069|2
124341314
124341799
124363547
12437025X
12437199X
124375162
124377297
124380751
124394302|2
124394450
12440216X
124405584|2
124416098
124421512
124428592
124429912
12443195X
124436382
124453597
124469108
124482546
124488862
124498582
124498698|2
124502938|2
124504280|2
124523544
124524478
124525490
12452821X
124534627
124541100|2
124541801
124544452|2
124545998
124557449
12456674X
124570143|2
124576621
124578055
12458473X
124585094
124585183
124587917
124596126
124611869|2
124618855
124621643
124631509
124636853|2
124651127
124652174
124652794
124655602
124657575
124658415
124658458
124667589
124668364|2
124669158
124669298|2
124685072
124692567
124700004
12470204X
124708978
124714943|2
12471756X
124726747
124727166
124731007|2
124731651
124731864|2
124745512
124749860
124779549
124788661
124788815
124788920
124788971
124791670
12479873X|2
124799221
124825621
124828825
124835031
12483664X|2
124839452
124843778|2
124860206
124894348
124915248
12493191X
124936105
12493868X|2
124939988|2
12494308X
124949126
124976751
124983790|2
124984533
124986625|4
124989268
124991718
125006926
125999607
126271305
126308071
126317496
126412871|2
126443688|3
126791899|2
127141022
127153152
127166238
127741224
12820477X
128349972
128377267
128380209|2
128382643
128387009
128406844
128407158
128415959|2
128417110
128426489|2
128426616|2
128441062
128445831|2
128456051
128457082
128457589
128458992
128472545|2
128475862
128479132
128488247
128489960|2
128490012|2
128490926
128495073|2
128514051
128537531
128541032|2
128544902
128545720|2
12855908X|2
128559152
128559837
128569441
128571128
128596007
128609761
128628901|2
128630434|2
128631597|2
128640502
128642017
128649224
128660759
128661747
128666323
12866746X
128680504
128683090
12869016X|3
128698144
128717440
12872059X|2
128746408
128746467
128765216
128766026
128767685
128790032
128807830|2
128812834|4
128835842
128841915
128843292
128847212
128848014
128851007|2
128856297
128857269
128857315
128867574
128869062
128869828
128871652
128872055
128891890
128909463
128910615
128912928
12891548X
128927666
128930365|2
128931000
128933313|2
128943467|2
12895535X
128957085
128957123
128958642
128959088
128960787
128961163
128974990|2
128979852
128980109
12898113X
128981180
128982934
128987944
128993456
128994827
128994851
128995238|2
128995599|2
12899858X
129005819|2
129006661|2
129007900
129007943
129010707
129016144|3
12901656X|2
129016764|2
129016845|2
129017213
12901804X
129019941|3
129020869
129022403|5
129022764|2
129028762|3
129033308
129044881|4
129047252
129048011|2
129048674
129050911
129051519|2
129059870
129060348
129066419
129068403|2
129069930|4
129072877
129073873
129083143
129085065
12908896X
129091820|2
129123137
129128627
12916352X
129163694
129174637
129195006
129210323|2
129216968
129222976
129224936
129229563
129236713|2
129242446
129266272
129272485
129291897|3
129338842
129344834
129348368
12935726X
129359513
129381624
129390860
129391255
129397660
129401307
129410780
129443352
12945236X
129462969
129463450
129467367
129473286|3
129498181
129518948
129559040
129565105
129588717|2
12959203X|2
129593370|2
129603325
129603821
129605565|2
129608513
12961212X
129623776|2
129624756
129650994
129653187|3
129656003
129657379|3
129665886
129687979
129694320
129696978
129698814
12969911X
129703141
129704458
129721905
129725102
129726036
129735094
129735183
12973568X|2
129741183
129743844
129747394
129768294
129786306
129788872
129809454
129809500|2
129809942
129812943|2
12981640X
129839310|3
129847658
129850160
129854638
129856010|2
129859516
129860328|2
129867144
129877530
129884820|2
129892432
129899364
129901261
129901792
129911739|2
129928860|2
129942235|3
129954063|2
129970867
129971359
129977128
129982253
129982288
129991929
13000345X
130007978
130012858
130041386
130042560
13004914X|2
130082244
130083488
130152072|3
130163295|3
130175323
130183954
130184187
130184357
130206164|2
130241075|3
130259926
130276316
130313106
130314986
130339083|3
130343846
130374202
13039002X
130399310
13040019X
130405337
130419133|2
130422010
130450987
130462799
130465798
130478199
130483281
130496340|3
130505838
130507628
130518689
130543128
130551600
130558311
130561312
130581658
130591211|2
130615536
130617407
130623148
130632775
130641057
130832332|3
130851094
130864692|2
130885592|2
130914878
130922021
130922374
131115693
131365096|2
131375962
131396102
13139701X
131410164
131424998
131425420
13143943X
131443313
131445847
131454307
13146471X
131494201
13149970X
131507761
131523627
13152819X
131528610
13153081X
131533010
131559893
131568337
131589415
131596020|2
131602721
131611062
131641042
131657577|2
13165943X
131666762
131666851
131683845
131708910
131746022
131749056|2
131756567|2
131756966
131768298
131771841
131806297
131824414
13183424X
131838644
131848283
131860992
131865846|2
131867814|2
13186789X
131878166
131880551
131913883
131967983|2
131975005
131995510
131998412
132007711
13200867X
132016206|2
132035758
132044099
13204871X
132071584
132092301
132094975
13211206X
132112450
132143488
13214882X
132149192
132234173
132236346
132241579
13224795X
132258129
132267071|2
13227826X
132287145
132299372
132302934
132307383|2
132310104
132310163|2
132311364|2
132311860
132313529
132322552
132322625
132322676|2
13232539X
13232749X
132327740
132334801
132392984
132394146
132402130
13240902X|2
132409496
132417960
132439913
132461803
132499630
132536102
132541238
132551330|2
132570653
132588676
13259322X
132594315|3
132643774
132654571
132656000
132690438
132690616
132691302|4
13269848X
132715414|3
132733412
132763389
132769832
132775719
132800748
132802805
132831643|2
132840936
132846632|2
132847817
132883880
132888564
132911167
132917475|2
132924110|2
132931680
132934396
132956330
132959445|2
132961393
132970473
132987678
132991764
133002756|2
133029794
133033783|2
133036227
133059588|3
133065278
133089916
133169545
133171760
133205711
133211061
13323942X|2
133255441
13330647X
133307042|2
133339319
133346757
133349438
133358062|2
133360326
133378101|2
133378748
13338327X
133397238
133433722
133442802
133494519
133495264
133500004
133534456
13353961X
133550575
13355838X
133562700|2
13357086X
133592162
133597636|2
133618544
13366578X
133703800
133713725
133729184
133735419
133753328
133812871
133821889
13383722X
133845117
133857298
133883930
133884600
133902617
133913708
133913880|2
133914550
133946207|2
133961400
133965996
133979342
133979741
133985075
133992268
134000358|2
13401555X
134082435
134095200
134172612
134176642
134211863|2
134250435|2
134254562
134279735
134296869
134319303
134322525
13432546X
134345002
134349091
134370821
134370929
134375866
134380916|2
134385683
134458893
134479599|3
134584287
134591240
134596005
13462503X|2
134636716|4
134654072
134736869
134756908
13475994X
134842359
134868226
134900871|2
134966686
135059291
135243785
135254671
135280281|2
135324378
135359198|2
135419875
135442281|2
135445604
135466679
135517907
135561817
135569206|2
135569621|2
135597226
135601916|2
135602246
13562519X
135646197
135646766
135647452
135648211|3
135657083|2
135671159|2
135683165
135696968
13573259X
135785499
135794870
135796024
135801710
13581880X
135832411
135863953|2
135872553|2
135877636
135878624
135880882
135881404|2
135910781
135995302
13600119X
136048307
13608642X
136105386
136160115
136166628|4
136183425|2
136184561
136192645|2
136206190
136217818
136221785
13627594X
136307353
13633508X
136346510
136383408
136415024
13641575X
136421490|4
136421784
136423000
136442404
136449999|2
136453635
136470467
136485375|2
136549918
13656724X
136637140
136667031
136667279
136734057
136759092
13677220X
136772706
136800424|4
136800548
136803490|2
136813615|2
136818099|2
136828469
136845274|2
136869289
136909124
136913601
136919596|3
136923283|3
136924794
136934714
136945228|2
136946712
13696575X
13697984X
136980880
137001797
137011059|2
137026323
137030363
137073488
13707817X|2
13713049X
137139268
137215649|2
137222017
137253745
137271700
137312350
137330014
13734077X|3
137353766|4
137358482
137371578
137381131
137419457
137452241
137452497
137492758
137496443
137554788
137565852
137581564
137630123
137807252|2
137820682|2
137848129
137896743
137952686
13796465X|2
138047499|2
138049645|2
138093555
138133816
138147280
138157510
138222525|2
138256195
138326401|2
138381062
13842439X
138426619
138426910
138458790|3
138466734
138477485
138489726
138490732|2
138543267
138720851|2
138723346
138743576|2
138833923
138856664|3
13894864X|2
138970459
138973970|3
139028951|3
139042334
139059512
13907158X
139151893|2
139154205
139226230
139264094
13929029X
13932271X
139432973
139447644
139481745
139532145
139579923
139603298|2
139628975
139657762
139666931|2
139757228|2
139822194
139851720|3
139992359
139999361|3
140025790|2
140027467
140037179
140050205|2
140098577
140126716
14012859X
140187065
14021643X
140306129
140325298|2
140447164
140496009
140526587
140571396
140594981|2
140604243|2
140642854|2
140653716
140661794
140689621
140691677|3
140753141
140810412
14089375X|3
140998233|2
141026553
141054573
141165669
141172002|2
141206330
141233648
141288310
141310863
141320524
141370130|3
141470895
141472456
141517409
141661186
141691719
141806788
141845864|4
141885246
141893796|2
141916893
141954779
14195860X
14199858X
14202953X
14218697X
142187356|2
142210560
142339474|3
142369322
142370614
142377600
14243017X
142432970
142486132
142530905
142535257
142537632
142537861
142541869
142569682
14257631X|2
142596167
142652555
142693650
14270721X
142776513|2
142777773
142841129
142902225
142903264
142923931|3
14295876X
142968048
142968609
142979619|2
142985635
142998818
143026976
143033972
143046381
14306567X|2
143096192
143101080|2
143217631
143230158|2
143336029
143431412|3
143431730
143434217
143497723
143499106
143519816|2
143537776|2
143549278
143554689
143597671|2
143671154
143691430
143718118
143726625|3
143834967
14385402X
143866842
143935992
143945920
143976583|3
144033607
144034093|2
144038315|3
144055465
151121222
151212406
151564795
151622159
151960070|2
152321772
153170018
153171200|2
155545973
155896148
156352451|2
156978520
157627365
158116224
159732913|3
159894409|2
161106463
170311341|2
170590631
171241673
171563727
171948173
171967682
171969316
172015502
172029740
172045320
17229018X
17231609X
172317339
172493196
172600472
172624894
172646022
172805880
172852633
173012728
173044700|2
173161324|2
173176143
173228305|2
17325585X
173262198
173302106
173321968
173364136
173475698
173694802|2
173722180
17375368X
174033877
174045360
174083696
174119534
174159943|2
174165382
174196415
175733767
178231223
178248789
180341677|2
180622919
18309476X
186746954
186879520
188283137
188391428
188430164
188432116|2
188436952
188445005
188446435
188461019
188464824
18847031X
188485384
188485821|2
189233923|2
189332948
189567473
189736984
300038208
300971672
301021678
301022097
4010433-3
4015408-7
4076822-3
4127696-6
4139403-3
4183820-8
4200222-9|3
4207943-3
4235801-2
4298365-4
4358918-2
4383835-2
4403418-0
4431211-8
4509278-3
4548702-9|2
4563360-5
4604120-5
5092153-8
7500258-9
7601084-3
7722995-2
