#FORMAT: BEACON
#VERSION: 0.1
#TARGET: http://beacon.findbuch.de/gnd-resolver/pw_imslp/{ID}
#TIMESTAMP: 2018-07-09T18:01:06Z
#CONTACT: Thomas Berger < ThB [at] Gymel [dot] Com >
#FEED: https://beacon.findbuch.de/downloads/patchwork/pw_imslp-gndbeacon.txt
#EXAMPLES: 118556878
#MESSAGE: Noten, Partituren und Auszüge im International Music Score Library Project
#NAME: IMSLP (partiell)
#UPDATE: infrequently
#PREFIX: http://d-nb.info/gnd/
#DESCRIPTION: Aus der de:Wikipedia und en:Wikipedia extrahierte Links
#X-REVISION: 45255 [2018-07-09T18:00:53Z]
#X-EXTENT: 9061 unique identifiers of type SeeAlso::Identifier
100000541
100001718|3
100001912|3
10001349X
100027970
100041809
100065961
100116450
100116523
10011783X
100130828
100160026
100178405
100200001
100201946
100202055|3
100213723
100224156
100227392
100228976
100234526
100261779
1002623308
100286062
100286208
100297587|3
100317960
100334490
100342337
100346014
100374123
100379397
100380395
100380719
100400159
10041415X|3
10041463X
100414907
100417248|3
100419224|3
100421326|3
100422977
100428649
10043746X
100439675|4
100445195
100455840
100458572
100462073
100465137
100465692|3
100466680
100470106|3
100470912|3
100471196
100471609
100481620|3
100488153|3
100497756
100510558
100524907|3
100528554|3
10053614X|3
100538398
100538959
10054097X
10054262X|3
100552641|5
100568009
10056934X
10058733X
100588328
100589308
100593119
100609872
100610226
100611354
100624944
100625320|3
100637817|2
100640362|3
100649416
100652565
100657249|3
100657672
100672302
100679684
100695493
100699510|5
10070672X|2
100713629
100724515
100761208
100763871|3
100788009
100794548
100796303
100797083
100810136
100813984
100818684
100823548
100832083
100832865|3
100833047|3
100833136|3
100833187|3
100833195
100833527|3
100844316
10084751X
100850995
10085404-7
100855296
100862403|3
100864430
100864627
100864651|3
100865658
10093790X
100951422
100956572
10096110X
100963757
100981925
100982875
100986781
100993052|5
100999212
101016603
101057903
101068662
101069375
101069456
101071388|3
101071450|3
101098774|2
1011306883
101137540
1011407191
1011479788
1011576147
1011645076
1011737272
1011894955|3
1011932237
1012281302
1012298302|3
1012302199
101231474
101244371
10125198X
1012542947|3
101256493
101259883
1012831035
1012939596
1012968618
1013041607|3
1013107853|3
1013122127
1013138554
1013451864
1013455282
1013562992
1013594681
101361742|5
101361769|3
101363184
101363311
101364237|3
101364261|4
101364415|3
101365489|3
101365632|4
101371861
101373244
101373325
101373376|3
1013735706|3
101373953|3
101374054|3
101374089|3
101376057|3
101377169
101377177
101379250
101379420|4
101379552|3
10137979X|2
101380151|3
101381670
101381980
101382014
101382243|3
101382588
101382952
10138310X
101383193|3
101383460
101383592|3
101388152|2
101402775
1014041163
1014088240
1014374359
1014443989|3
1014455359
1014457165
1014597617
101461015X
101501064
1015365299
1015544738
101572204
1015733794
1015760155
1015760511
101576116X
1015761259
101581742|2
1015906435
1015965512
1016232942
1016233469|3
101650086
1017004293
1017050457|3
1017373124|3
1017462909
1017586268
1017704740
1017927545
1018055142|3
101818149
1018184546
1018298002|3
101830521
1018387463
101840926
101845098X|3
1018630287
1018686282
101888708
1019047550|2
1019054743
101907003X
1019098368
1019101962|3
1019137533
101914202
1019222336
1019222468
1019224460
1019224789
1019270756
1019298871
1019307862
1019313978
1019407964
1019420677
1019431180|3
1019487925
1019498358
1019566906
1019744049
1019762543
101987374
102005338
102006539
1020196815
102028079
1020304499
1020325585
1020344814
1020550643
1020552328
1020577517
1020578653
1020661224|3
1020754222|5
1020765798
1020794941
1020821272
1020822309
1021110337
1021185302|3
102118960X
1021242314
1021269875
1021278300
1021655104
102166587
10218206X
102182884
102199175|3
102199191|3
102199213
102199612
102200009
102201080
102202028|3
102213488
1022153641
102226156
1022364103
102249733
1022540408
102263724X
1022707361
1022719513
102277350X
1022807463
1022832719|3
1022915819
102308888
1023179385|3
10232235X
1023235617
102337993|2
102338469|3
102338507|3
1023582090|3
1023620715|2
1023625644|3
102373558X
102374392|3
102374813
102374856|3
102374899|4
102374910
102374953
10237497X
102375054
102375070|3
1023821338|2
1023873885
1023901439|2
1024101495|3
102410372
102410577|3
102410631
102410976|5
102410992
102411018
102411034|3
102411050
102411115|3
102411182
102411204|3
102411220
102411255
102411271|3
102411298|3
1024128849
1024130681|3
102416745
1024183432
102418482X
1024187802
1024187918
1024188191
102419744|2
102419965
102419981
102420025|3
102420300
102420327
102424772|3
102424799
102424853
10242487X|3
102427720
102427739|3
102427771
102427917
10243011X
1024322033|2
1024349462
102437688
102441219|3
1024421023|3
1024432009
10244921X
102453314|4
1024542254
1024563022
1024563162|3
102465789|3
1024675475|2
102469805X
1024726843|3
1024780767
102498644
102498741
102498784|2
102498806
102498849|4
102498881
102498962|3
102498989|5
102499020
102499322
1024994236|2
102499527|3
10249956X
102499683|3
10250377X|3
102505330
102505373|3
102509654|3
102522359
1025264398
1025265092
1025282477
102533431|3
10254008X
102546703
102546827
102551227|3
102551260X
102551294|5
102551537
102551758|3
1025533925
1025557972
1025564502
102558736
102558957|4
102559066|3
1025685776|3
102571988|2
1025730895
1025731476
102575711|3
1025921240
1025986938
1025987810
1026093333|3
1026192218|3
1026196809|3
1026247071
1026336902
1026518342
1026657717
1026670810
1026689147
1026731097|3
1026812321
102685556X
1026896002
1026976677
1027000894
1027037690
1027082475
1027112218
1027134912
1027178731
1027363253
1027433227|3
1027481701|3
1027953719|3
1028055684
1028176201|3
102834180
102834695|3
102834741|3
102834865
102834903
102834946|3
102834962
102834989
102835004|3
102835047
102835063
1028354371
102835438X
1028384432
102851379|3
1028548346
102856915
1028592817
1028605420
1028813848
10288207X
1028941188
1029152543
1029152683
102936897
1029372497
1029383782|2
1029449112
1029487855
1029583013
1029718342
1030012768|3
1030114390
1030238308
1030241007
1030485348
1030489696|2
1030549281
1031120866
1031166890|3
103117415X
103118187|2
1031195181
1031248250
1031273735|3
103131876|4
103140522
1031408517
1031457615|2
1031462015
1031522328
10315874X|3
1031651632
103179798
1031830219
1031830642
1031983546
1032023759
103220453
1032433213|3
1032787783|4
1032788550
1032791810
1033190284
1033198536
1033204056
1033254371|3
1033332828
1033343773
1033390119
1033447366
1033522465
1033571326
1033573787
1033623660
1033633127
1033677868
1033757004
1033778427
1033807699|3
1033828033
1033847437
1033936162
1034231065
1034406809
1034445952
1034480618|2
1034612662
1034698915|2
1034845608
1034859439
1034933078
1035126834
1035221535
1035291908
1035580144
1035787555|3
1035791161|2
1036125246
1036153630
1036225798|3
1036522563|2
1036629325
1036758699
1036784924|4
1036887669
1036969045
1037230922
1037316061
103744664X
1037583337
1037702123
1037736494|3
103774955|3
103774971|3
10377498X|6
10377503X|3
1037761898|2
103776478|3
103777210
103777377|3
103778802|3
103779965|3
103781315|3
103781617
103782605
103782621
103784004
103785035
103785728
103786899
103787038|3
103789030|5
103789375|3
103790152|3
103790322
103790411
103790829|3
103792198|3
103792856|2
103794646|3
103794719|3
103795510
103795553
103795669|5
103795804
103796665
103796738|3
103796827|3
1037984463
10379896X
103800972
103802347
103802479
103803807
103803874|3
103805540|3
103805850|3
103807217|4
103807535
103807861
103808817
103809783|3
103809821|3
103810641|2
103810714
103811397
103812016
103812180|2
103812202|3
103814000|5
103814558|3
103814744
103814760|3
103815651
1038177979
103818103|4
103819614|3
103819843
103820779|3
103820787
103821031
103821678|3
103822038|3
103822909
1038236037
103824472
103824898|4
10382670X
1038267617|2
103827013
103827668|3
103829008|3
103829016
103830782|3
103831738
1038318343
103838007
103838252|3
103839844
103840141|3
103840265|2
103840923
103841830
103842535|3
103842640|4
103842896|3
103843299|3
103843566|3
1038452147|3
103845445
103847863
103848436|3
103851933|3
103853286
103853421
103853987|3
103854010|3
103857567|2
1038594715|3
103860312|3
103862188
103862323|2
103862943
103864962|3
103866981|3
1038671329
103867422
10386749X
103867848
103868119
103868615
10387223X
103874615
103876030
103877533|2
10387996X|2
103880356
103880534|2
103880690
103884149|3
10388436X
103885390
103885668
103888039
10388937X|2
10388940X|3
103892354|3
103892532
103894357
103895531
103895736|5
103896244
103897984
103898506
103898573
103898883
103899731
10389991X
103900020|2
103900543
103901361|3
103901396|3
103901779
103902600
10390400X|3
103904395|3
103904530
103905480|3
103906290
10390669X|3
103907300
103908854
103909664|3
103909788|3
10391076X
103911693|2
103912355
103914617
103914625
103914684
103914935|3
103915052
103915559|2
103916202
103916709|3
103917764|2
103922601
103923519|3
103924183|2
103924884|2
103926216|2
103926402|2
103928146
103929150|5
103931155
103932593|2
103932798|3
103934235|3
103935045
103935479
103935649|2
103936165
103936203|3
103937110
103938915
103941983|3
103943536
103946489
103949178|3
103949828
103950176
103950273
103952403|3
103953361
103957308
103958274
103963855|2
103966722|3
103968644|3
10396889X
103968962|2
103972196
103977430|5
103979182
103979689
103979786
103982329
10398576X
10398609X
103989013|5
103992693
103994319
104010568
104012897|3
104013516
104017120
104018879
104022183
104023104|2
104023821
104023899
104024852
104025387|2
104025727|3
104026332
104026545|2
104028408
104030364|3
10403128X
104033886
104038187|3
104040270|3
104044977
104045140
104046236|3
104050101
104059389|2
104064021
104064064|3
104064137|3
104064455
104066679|3
104066717|3
104066733
104066814|3
104066865
104066881
10406689X|3
104066911|5
104066954|3
104066962
104066970
104066989|3
104067012|3
104067020|3
104069015
104070404
104074353
104074361
104075813
104081236
104086424
104090359|3
104093579|3
104093757
104099380
104099445
104100923|3
104101024|3
104106271
104115319
104123303|4
1041242085
10413478X|4
10413660X
104137444
104141786|3
104151978
104161566|3
104162392
104166681
104166797|3
104175095
104186968|3
104188898
104198273|3
104201088
10420673X|3
104206748
104206772
104206780|3
104206829|4
104206896
10420690X
104207019|3
104208759
104208767
10420902X
104209054|3
104213949
104224002|3
104224150
104224517
1042285799
104235012
1042405174
104242450
10424478X|3
104245468|2
104255137
104265256
104268034
104270500|5
104270632|3
104271531
104273399
104274255|3
104275618
104278870|3
104285907
104300221
104307544
104311320
104311541|3
104311568
104311606|3
104311630
104311657|3
104311665|3
104311703
10431172X|3
104311754|3
104314664|2
10431821X|3
104318694|2
104318716
104318724|3
104318759
104319321
1043221344
104325453|3
104332042
104333073
104338601|4
104340967
104340991
104342447|2
104345519|5
104345616
1043477438
1043514929
104360984
1043614842
104362383
104364467|5
10436503X|3
1043720979
104372397
104379431X
1043795332
104382805
1043863915
1044196203
1044369981
1044390980
1044610832|3
1045175862
1045176052
1045189243|3
1046024418
1046173030
1046210009
1046229982|3
1046243233
1046264915
1046440594
1046538861|2
1046599607
1046599917
1046665952|4
1046666037
1046700723
1046709461
1046799592
1047067226
1047150948
1047226243
1047367300
1047511312|3
1047551217|2
1047617803|3
1047693569
1047777304
1047876353|2
1047943352|2
1048055698
1048161684
1048162400
104842393X|3
1048547558
1048652416
1048733076|3
1048735079|3
1048748081
1049485491
104950710X
1049558588|3
1049748220
1049972074
1050008014|2
1050252225|2
1050327853
1050403916|3
1050440560
1050460456
1050463587
1050554485
1050580-5
1050653742|2
1050672798|3
1050684796
1050685652
1050686608
1050687213|3
1050853555
1050991397|3
1051228719
105122960X
1051299306
1051485320
1051499690
1051510376
1051815851
1051948282
1051948363
1051958466
1052093787
1052214959|3
1052433278
1052683177|3
1052705073
1052705146
1052707238|5
1052826679|3
1052835279
1052838499
1052838553
1052839568
1052839959
1052841090
1052853226
1052884911
1052899331
1053033982
1053042639
1053061471
1053062141
1053063296
1053082215
1053083920
1053086857
105314556X|2
1053184174
1053185421
1053185502
105336685X
1053949847
1053973454|4
1054106495
1054406707
1054443963
1054661146
1054822654
1054824983
1055095969
1055109560
1055136738
1055140026
1055140298
1055140301
1055140409
1055140581
1055142371
105514255X|3
1055142568|3
1055142584
1055142711
1055143017
1055143378
1055185860
1055189459
1055195475
1055195696
1055210148
1055211365
1055211861
1055213864
1055218327
1055219749
1055235302
1055237771
1055238034
1055258485
1055273239
1055276335
1055471162
1055482628
105548390X
1055552278
1055595597|3
1055634991
1055726799|3
1055786708
105607231
105608104X
1056103795
1056107871
1056111321
1056112360
1056123508
1056134135|3
1056149345
1056152370
105615330X|2
1056155159
1056157119
1056258535
1056352647
1056447729
1056480564
1056586117
1056687290
1056726571
1056743514
105678296X
105695373X
1057070785
1057132349
1057283924
105739596X|2
1057470732
105756298X
1057574872
1057587516
1057640182|3
1057640719|3
1057700398|3
1057728802
1057734039|3
1057796441|2
1057984426
1058094920
1058098349
1058160834
1058281372
1058404261
105876895
1058879529
1059220644
1059555506
1059628368
1060034840
1060063204
1060130874
106040429X
106043390
1060520486|3
106133292
1061677923
1062688708
1062690184
1062752430
106280581X|3
1063002435|2
106310410
1063319501|3
106373021X
106373827X
1063744318|2
1063744393
1063754658
1063924480|3
1063977576
1064889689
1065265778
1065416385
106582419X
1066270511
1066284881|2
1066399794
1066542104
1066662258
1066810184
1067262547|3
1067263446
1067543562|2
1067976396
1068084081
1068188340
1068195290
1068280166
1068280360
1068304138
106833312X|3
1068343796|5
106835738X
106837960X
1068485159
1068728620
1068930616|3
1069094099
10692981X
1069598895
1069599662
1069635529
1069942669
1070174319
1070589853|3
107072076
1070736996
1070822795
1071011669|2
1071658247
1071867725|3
1072379279
1072441330
1072778769
1072871483|3
1073256677
1073553906
1073664066
1073667839
1073993337|3
1074338685|5
1074852877
107487742X
1075258227
1076134238
1076276997
1076374948|2
1076375057|2
1076375103|2
107637512X|2
1076375383|2
1076375421|2
1076375596|2
1076375707|2
1076375987
1076376045|2
1076376134|2
1076376150|2
1076376193|2
1076376223|2
1076376266|2
1076488668
107683733
1077052995|3
107711141X
1077801483
1077921128
10785869X
107879964
1078803927
1078961468
107939312
1079479090
1079708790
1079789057
1079829237
1079891269
1080021620|3
1080830774
1080872345
1081211091|3
1081317922
108138054
1081666897|2
1082257540
108359573
1084012901
1084023792
1084143860
1084145022
1084361841
1084363488
108455300
108485900|2
1087122-6
1087174-3
10876799X
108770982|3
1088115942
108833850X|3
1088346456
1088802591
1089107242
1089163614
1089182511
1089182694
1089183682
1089183739|2
1089184743
1089188617
1089189915
1089206003
1089213484
1089216602
1089220049
1089266588|3
1089267436
1089272693
1089278160
1089330545
1089338546
1089356501
108941546X
1089429606
1089519184
1089530099
1089608012
108962347X|2
1089628161|2
1089631502
1089682220
1089686056
1089686080
1089686099
1089737211|3
108974207X
1089748051
1089750366|6
1089756054
1089756976
1089760183|3
108976068X
1089763557
1089763565
1089763727
1089763875
1089764553|3
1089767676
1089775466|3
1089777604|2
108978094X|3
1089782470
1089784538
1089784880
1089785615|2
1089791984
108979200X
1089795521|3
1089795971
108979620X
108980279X|2
1089804555
1089804652
1089806361
1089808712
1089809077
1089810075
108981268X
1089813708|3
1089816928|3
1089825293
1089834624
1089838425
1089839731
1089841639
1089845553
108985451X|3
1089857411
1089857438
108985806X
1089863462
1089876238
1089880154
1089893450
1089902123|3
1089905793
1091097348
109142063
1091595313
1091714-7
1092710-4
1094929190
109497724
1095494775|3
1096194287
1097275574
1097295559
1097397734|3
1100723935
1100885935|3
110137728
1101488018
1102191612
110269889X
1102915602|3
1103700235
1104156989
1104177986|3
110523679
110660609
110684419X
110700805
1108129285
1108807208
1110913907
1111561168
1111816220
1112227539
1113163496|2
1113311703
1114421960
1114753165
1114926450|3
111520999X
1116305267
1117113590
1117235319
1117730085
11192975X
1119830079
112147439X
1121943659
1122761104
1123038384
1123818088
1123834628
1124400699
1124558640
1124594310|2
1124612793|3
1124707670
1125039167
1125404639
1125473479
1127251333
1127364731
1127887890
1128402599
1129191648
1129481123|3
113189491X
1132351278
1133094988
1134887639
113496952X|2
1135812756|2
1135951950
1136343822
1136343873
1136482997
113667213
113673671
1136745734
113679977X
1137016175
1137649615
1137879297
1145466745
114603671X
1146124732
1146260318
114649887X
1147158304|3
1149189339|2
1149493259
115102949
1151605743
1152031945
1153375885
115341862
115342621
11534618X
11536014X|3
115383344
115395156
115399798|4
115400206
115400613
115433651
115438769|3
115445382
115452761
115453814
115453830
115457089|4
115457305
115457410
115457755
115458115
115458239
115458344
115460608
115468048
11549510X
115497374|3
115532323|3
115532412
115548149
115549331
115556907
115556982
115557903
115558071
115559337
115562362
115580190
115598162|3
115602798
115620257
115620370
115620494|3
115620532|3
115620540
11562077X
115620842
115620958|2
115623094
11564654X
115666494|4
1156810299
115688684
115690387|3
115692037|3
115706704
115726721
115728295
115732608|3
115736220
115736239
115736522
115739211
1157716717
115782516|3
115791701
115815422
115823352
115823441
115823549
115823859|3
115823956|2
115829253|4
115833706|3
115845917|4
115847022
115849238
115850570
115852565
115854479|3
115864660
115872310
116001062
11600178X|3
116002468
116003863|3
116004789|3
116006404|2
116006730|3
116009136
116009403
116010010
116010231
11601198X|3
116012374|3
116012528
116013729
116014326
116014490
116014660|4
116014687|3
116018259|3
11601833X|3
116019344
116020385|3
116020768|3
116020776
116020865|3
116020938|3
11602321X|3
116023236
116024097
116024976
116025360
116025549
116027584|6
116028114|3
116028130
116028203
116029579
116032146
116032529|3
116034122|3
116034793|4
11603498X
116035765
116035803
116035862|3
116036842|3
116037784
116038012
116038063|4
116039191|3
116040505|3
116040718
116042095
116044578
116044640
116045655
116045787
116045957
116047658
116049545
116051353
116051760
116051817
116052104
116052546
116053585
116054123
116054670
116055448
116056908|3
116057165
116058471
116058730|3
116058994
116059028
116060514
116060689
116062029
116064250|3
116064366
116065907
116066164
116066415
116067853
116068035
11607020X|3
116070625
11607194X
116072458
116072954
116073349
116073764
116078073|3
116078162|3
116079150|4
116081384
11608166X
116081740
116083182|3
116084499|3
116085053|3
116085274
116087919
116088516|3
116089989|3
116090235
116094265|3
116096497|3
116097108|3
116097639
116097701|3
116100249
116102403|3
116102977|3
116103086
11610368X
116103752
116104872
116105054
116110155
116112425|3
116113669
116113936
116114657
116116331
116116838
116117680
116117710
116117826|3
116118423
116119985|3
116120355
116121572
116121661
116124687
116125772
116127465
116130954
116131810|3
116132388|3
116133767
116133872|3
116134011
116134062
116134380
11613481X|3
116136545
11613674X
116137517
116138238
116140089
116143266
116144351
116147156|3
116149493|3
11614968X|3
116149698|3
116150319|3
116151579
116152427
116154225
116154462|3
116159421
11615991X
116161167|3
116161795
116163372|3
116164336|3
11616557X
116166851
116170867
116171693
116172169|7
116173394
116174137
116176849
116178515
116178728
116179449|3
116179570
116180064|3
116180110|3
116181273|3
116181427
11618258X
116182776|3
116184310
116186526|2
116186941|2
11618986X
116191686
116194472|3
116194898
116194928|3
116195398
116195886
116196742
116199059
116199180|3
116200367
116201932
116202882|2
116202920
116203102|3
116203307
116203781|2
116204273
116204400
116205563
116205628|2
116206632
116206934
116207310
116209321
116209429
116209976|3
116210680
116210974|3
116217782
116217901
116218290
116220945
116222395
116222425
116222433|3
116222743|3
116222786
116223901
116223987
116225203
11622620X
116226900
116228660|5
116230002
116230797|4
116230924
116233087|5
116233214
116233230
116233869
116237244
116237678
116237732
116238062
11624058X
116241217
116246103
116250097
116251549
116251654
116252200
116252480|2
116252499
11625257X|3
116253835
116254351
116256885
116256931
116258896|6
116258934
116259019
116259035|3
116260564
116260696
116261234|3
116261277
11626182X
116261919|2
116262079
116262818
116263431
116264799|3
116264950
116265221|5
116267100|3
116267127|3
116268409|4
116270802
116270888|3
116272481
11627364X
116273739
116274352
11627509X|3
116276940
116277661|3
116277882
11627834X
116278471
11627865X
116279559|3
116282703
116282738
116283831|2
116284846|3
116285036
116286474
116286857|3
116289252
116289325
116289929
116290439
116291710|3
116291842
116295260
116297506
116297549|3
116298413|3
116299789
116300981|3
116303042
116303298
116304294|3
116304634
116305541
116305649
11630586X|3
116306831
11630734X
116308621|3
116309792|3
116312343
116314184
116315040
116315644
116315865
116319011
11631995X|5
116322160|3
116323124|3
116323930
116325151|3
116325925
11632659X
116327359
116327472
116327642|3
116328223
116329475
116331623|5
116331674|5
116332603|3
116332662
116333278
116335181|3
116336382|3
116338083
116338156
116341971|3
116342439
11634301X
116343176|3
116343478
116345683
116346418|2
116347015
116349158|3
11634993X
11635190X|3
116352337
116353635|2
116354720|3
116357126
116358246
11636128X
116363193|3
116364440|3
116367032
116367180|3
116367806
116368640|3
116368853|2
11636906X|4
11637280X|3
11637408X
116377445
116379766
116379987|2
116380861
116382341|4
116382627
116382740
116383011
116383054
116383909
116385154
116385308|3
116389346
116389397
116391057
116391901
116392983
116393335
116395001
116395648
116396105|3
116396466
116396717
116397306
116397500|3
116397918|3
116399945
116403942|3
116405074
116405449
116406356
116406895
11640728X
116408936
116409207|3
116409681
116409908
116410051|3
116410132|4
116411996
116412895|4
11641359X
116414006
116414138|3
116415878
116418893|4
116421029
116422319
116423064|3
116423692
116423749
116425725
116427620
116428384
116428473|5
116428554
116430796
116431415
116431814
116432047
116432128
11643290X|3
116435054
116435089
116436085
11643788X
116439602|3
116440236
116444436|3
116447745
116448342|2
116450045
11645136X
116451793|3
116452072
116452404
116456868
116461020
116462450
116463007
116463570
116464127
116464534|5
116465859|3
116466472|3
116466634
116467231
116469196|3
116470577
116472812
116473754|3
116473843|3
11647548X|3
116476761
116477210
116478012|3
116478020
116481552
116485183|4
116486368
11648666X|3
11649042X
116491671|3
116492619|2
11649445X
116495545
116497602
116498234|4
116498889
116499745
116499885
116500395
116502428
116504331|3
116505443
116505621
116506296
11650630X
116506377
116507004|3
116507152
116507373|3
116510471
116510927|3
116513365
116513772
116514892|3
11651535X
116515937
116517689|3
116518685
116518960
11652099X|3
116524057
116524758
116525126|3
116526076
116528095
116530758|3
116531398
116533676|4
11653382X
116534060
116534079
116534591|3
116537620|5
116539062
116539909|3
116540516
11654077X
11654127X
116541350
116542063|3
116543205
116543450|3
116544570
116545526
116547030|3
116549165|6
116551038|3
116551313
116558016
116558784
116560193|3
11656203X|3
116562706
116564091|3
116565292
116566418|3
116567155|3
116568348|3
116569468|3
116570741
116570881|4
116573627
116575328
116576103|3
116576200
116577444|3
116577800
116579420
116579757
116581182
116581530|3
116583673|5
116583681
116584319
116584653
116585773|3
116586540|3
116587474|3
116589930|3
116590564
11659294X
11659554X
116595795
116596562
116597712
116598883|4
116599030
11659909X
116604220
116605642|3
116605650
116607092
116607157|7
116608943
116609478
116609931
116610530
116611537
116611804
116612037
116612290
116613483|3
11661580X|2
116617675
11661868X
116621850|2
11662227X
116622911|3
116624043|3
116624108
116624299
116624620
116624841
116625651
116626364
116628693
116628774
116630795
116631279|3
116631457
116631910
116632011
116633158|3
116634464|2
116634669
116635983
116636041
116636068|3
116636521|3
116636602|3
116637307
116638672
116640243
116640367|3
116640774|3
116641711
116644729|5
116645016
116645946
116647302
116648341|5
116649666|2
116649968|3
116652047|3
116652357
116654260|5
116655224
116656018
11665662X|3
11665872X
116659734
116661682|3
116662166|3
116662344|3
116665920|3
116668660
116668830|3
116669314|3
116670649
116674482
116675357
116677805
116679425
116686707
116688912
116692774
116693002
116693347|3
11669386X|3
116694475|3
116695110|3
116695714|4
116696117
116696125
116696311
116696885|3
11670313X
116704233
116704446
116705221
116706066|3
116708263
116709642|3
11670974X|3
116711396
116711515
116711728
116712821
116718013
11671803X|5
116718234
116718889
116719575
116719710
11671980X
11672238X|2
11672594X|3
116727241|3
116728361
116728698
116729546
116730072
116733136
116734086
116734787
116736550
116736569
116738839|3
116740272
116742801
116743751|2
116744545
116744758
116752335
116752734|3
116755334
116756918
116757086|3
116757221
116758031
116759194|4
116760206|2
116760400
11676211X
116762705|3
116764074
116765704
116765968
116766301|3
116766379|3
116767189
116770368
116772492
116772522
116773588
116774940|3
116776943|3
116777745
116777990
116778806|3
116779128
11678041X|5
116780711
116782544
11678346X
116783575
116785063|3
11678735X
116787473|4
116790962
116791748
116792477|3
116792841
116793007|3
116794526
116796170
11679691X
116797673|3
116798599|4
116799145
116799293|3
116799625|3
116799633
116799838|3
116801832
116804831
116805455|4
116805730
116807024
116808268|3
116808446|4
116809205
116809655|3
116809949|3
116811528|3
116811757|5
11681182X
116813156
11681859X
116819073
116821175
116829826|3
116830980
116832762
11683420X
116834277
116834633
116835648
116835737|3
116836415|3
116841044|3
116842989|3
116843217
116843470|3
116843780|3
116843985
116844841
116845406
116847735
116848871
11684938X
116849436
116849959
116850116
116851090|3
116855274|3
116855487|5
116855738
116855908
116857218
116858702
116860413|3
11686060X|3
116860766
116861002
116861150
116865407|3
11686589X
116868996
116871733
11687189X|5
116871997|3
116873655
116873884
116875992
116878363|3
116879394|3
116881690
116883286|3
116885793|4
116888105|3
116888652|7
116889543|2
11689069X
116891211
116891734
116892455
116894105
116894660|3
116897325|3
116897686|3
116897902
116899239
116899344
116899530
116901128
116901241
116901519
116902930
116906294
116907347
116909196
116909390
116911123
116911514
116920386
116920602
116922842
116924950
116926910|3
116927216
116927755
116927852
116933259
116935243
116936371
116936991
116940085|5
116941391|4
116941898
116942037
116945818|3
116946733
116947527|3
116948965
116948981
116949805
116951346|4
116953829|3
116953853
116955139
116955945|3
116957948
116959827
116960191
116961694
116961902
116961945|3
116961961
116963808
116964626|3
116965355
116965762
116965916|5
116966122
11696636X|3
116973978
116974753|2
116975261|4
116977108
116978589|3
116979682
116980257
116980885|3
116981385
116981725
116985925|3
11698595X
116986514|3
116986522
116986743
116988282
116988592
116990724
116992468
116992484
116992867
116994754
116995254|5
116997249
116998938
11700152X|3
117002178|3
117004367
117004561|3
117004758
117008370
117009520
117010235|3
117010421
117010480
117011770
11701303X
117013544
11701513X
117019682|3
11702029X
117021490|3
117022403|4
117022470
117025011|3
117026190
117029637|5
117030783|3
117031488
117032727
11703343X
117033634|3
11703603X
117039926
117039993
117044156
117046817|3
117050628|3
117051535
117053376
117055441
117056553
117057118
11705741X
11705822X
117058297|5
117058750
117059013|6
117061255
117062251
117065234|3
117067997|3
117068098
117069671|3
117070785|2
117071099
117071153
117071293
117072435
117072508
117072931
117076228
117076961
117078719
11707988X|5
117080330
11708090X
117081523|3
117084387
117088862
117089249
117095486
117101516
117102067
117102385|3
117102946|5
117106836|3
117108189
117110418|4
117110450|3
11711099X|3
11711118X
117112984|3
117113972
117116793|3
11711684X
117116882
117118826|3
117120251|3
117121207
117121800
117126217
117126918
117127442
117127531
117127884
117128511
117130761
117132926
117133957|3
117134236
117134260
117134449
117134554|3
117134864|5
117139793
117139947
117144398
11714469X|2
117145637
117147443
117152838|3
117153869
117153931
117154938
117156094
117156302
117157007|3
117157457
117158755
117160555
11716187X
117163406
117163872
117167991|3
117168890|3
117169781|3
117170704
117172634
117174688
117174793
11717534X
117178101|3
117180637
117183377|3
117189561
117192082
117193801
117193828
117194670|3
117194875|3
117195766|3
117196061|4
117196908|3
117197068|3
117197289
117197319
117197343
117197351
117201731
117202363
117205923|3
117206717
117207543
117211516|3
117212326
117215848
117216615|3
117217204|2
117218189
117219916
117220469
117223298
117223794|5
117225487
117226157|3
117226971
117227498|3
117229563
117232874
117233048
11723320X
117235385
11723589X|5
117238767|3
117240443|3
117240869
117240974
117241849
117243809
117244635
117245151
117245658|3
117245666
117245674
11724726X
117247588
117247618
117248207
11724824X
117248681
117248711
117249297|3
117249378
117250538
117252867
117254975
117255025
117256315
117259268
117260924
117262684
117269212|3
117271446|3
117271799|3
117273104
117273767
117274194
117279757
117280135
117282898
117282901
117285323|5
117286877
117287474
117288195|2
117289000
117289337
117289434
117289604
11729098X
117291447|3
117291862
117293385
117294489
117294527|3
117295329
117296325|3
11729781X|3
117301116|5
117301817
117302686
117302791
11730557X
117306282
117306614
117310719
117311332
117311820
117311901|3
117313491
117313963
117314277|3
117315699|3
11731577X
11731627X
117317225|3
11731725X|3
117318809
117318892
117320005
117320617|3
117321613
117324795
117326720
117328367
117329010
117329657
117331090|3
117331856|3
117333255|3
117333840|2
117334472
117334596
117335207|3
117338311|3
117338540
117339008|3
117339911
117341428
117342432
117346748
117347132
117347825|4
117349011
11735015X
117350346|3
117351202|3
117355240
11735578X
117356379
117357588
117357669
117358258
117363855|3
117365386|3
117366021
117368393|3
117374237
117375268|5
117377929
117380733
117380970|4
117381209
117382132
117384402
117385336
117385395
11738626X|3
117386979|2
117388483|2
117390046
117391506
117392359|4
11739517X
117395188
117395404|3
117395684
117396923
117397016|3
117398586|5
117398683
117400319
117400467|3
117401145
117401234|3
117401625
117402567|2
117402877|3
11740487X
117409030
117411329
117413496
117414530|3
11741462X|5
117416460|4
117416894|3
117417718
117418382|3
117420492
117421227|3
117421650
117422959
117423564
117424277|3
117424862
117425214|3
117425273
117426628
117426784
11742692X|3
117427179
117432512|3
117433470
117435198
117435325
117438405|3
117441031
117442003
117443018
117447080
117448214
117449962
117450944
117452017
117453404|2
117454338
117454729
117455369
117456322
117457507
117458058
117458600|3
117459313
117459623
117460184|3
117461628
117463272
117464392
117466506
11746712X
117467146|2
117467308
117467766|3
117468142
117471143|4
117471739
11747195X
117475564|2
11747651X
117478202|3
117479993
117481262
117481718
117481947
117482749
117484393
117484482
117485365
117485470
117491314
117492248
117493236
117495255|3
117498920|3
117499277
117504289|3
117506338
117506524
117512273|3
117513903
117519901
117522716
117530832
11753532X
117542601|3
117542830|3
11754423X
11754535X
11755295X|3
117564265
117564702
117566756
117569992
117573507|5
11757791X
11757824X
117582115
117586900
117587885
117597082
117606006
117615242
117621323
117621641
117623180
117624608
117632643
117632767
117634948
117637815
117642541
117644099
117648353
11765468X
117658316|3
117664049
117665630
117679984
117680818
117687464
11769195X
117697575
11771402X|3
117725269
117731250
11773134X|3
117731927
117732109|3
117732400
117733717|3
117733954|2
117735035
117735086
117735108
117735345
117735558|2
117735647
117735728|3
117735760
117736120
117736147
117736155
11773618X
117736201|3
11773621X
117736821
117737224
117737798
117739286
117740713|3
11774123X|3
117743577|3
117743631
11774378X
117743895
117746746|5
117748080
117749443|3
117749494
117749516
117749532|3
117749540
117750794
117761060
117761087
117761257
11776180X
117761974
117764612
11776647X
117767360
117768103
118012215
118018302|4
118038818
118039180
118042408|5
118053027|3
118089919
118115073
118122274
118129147|3
118136437
118144847|3
118153722
118181033
118200194
118204629|3
11850004X
118500511
118500619
118500694
118500856
118501070
118501437|4
118501550
118501704|3
118502107
118502794
118502816
118503111
118503243
118503634
118503944|3
118503952
118504118
118504177
118504185
118504282
11850505X
118505114
118505491
118505505|4
118505521|4
11850553X|6
118505548|3
118505696
118505904
118506374|3
11850651X
118506900|7
118507184
118507400
118507850
118508253
118508288|7
118508709
118508911
118509047
118509322|7
118509675|7
118509810
118509845|3
118510177|3
118510304
118510622|4
118510762
118510916
118511084|3
118511270
118511394
118511440|7
118511459
118511513
118511637|3
118511653
118511963
11851198X
118512013
11851217X
118512293
11851248X|3
118512552|6
11851282X
118512978|5
118512986
118513028|2
118514253|4
118514709|3
118514768
118515055
118515527
118515543
118515586
118515624
118515780
118515799|5
118516051
118516221
118517414|2
118517473
118517775
118517848
118517880
118518011|5
11851816X|3
118518208
118518224|6
118518232
118518658
118519131
11851928X
118519409
11851993X
118520040
118520237
118520326
118520377|4
118520539|6
118521039
118521098
118521330
118521349
118521500
11852156X
118521802
118522175
118522213|4
118522620
118522787|5
11852285X
11852321X
118523236
118523341
118523392
118523473
118523708
118523872
11852397X
118524186|9
118524836
118524844
118524895|6
118525042
118525239
118525255
118525751
118526731|5
11852710X
118527169
118527533
11852755X
118527649
118527924|4
118528122
11852836X|10
118528572
118528688|4
118528777
118528823
118529390
118529692
118529846
118530062
118530127
118530801|7
118531026
118531352
118531395
118531522|5
118531883|7
118532154
118532308
118532464
118532677|3
11853307X
118533924
118534262
118534424|3
118534483
118534521
118534556
118534645|7
118534912
118534963
118534971
118535048
118535196
118535749|3
118536249|6
118536656|3
118537024|4
11853758X
118537598
11853789X
11853811X
118538322
11853856X
118538659
118538918
118539124
118539353
118539523
118539841|4
118540033
118540238
118540300
118540424
118540505
118540580
118540866
118540890
118540939
118541013
118541102
118541692|3
118541706|3
118541951
118541978
118542001
118542079|5
118542192
118542257
118542265
118542273
118542699
11854277X
118543008
118543164
118543199
118543431
118544489|9
118544632
118544772
118544918
118545205|3
118545515
118545825
118546198
118546309
118546554
118546635
118546643|2
118546651|3
118546856
118546864
118546910
118546937
118547356|4
118547445
118547453
118548018
118548204
118548549
11854893X|3
118549006
118549316
118549448
118549553
118549693
118549944
118550128
118550292
118550403
11855042X
118550470
118550772
118550993
118551124|3
118551256|4
118551981
118552023
118552465|3
11855249X
118552589
118552759
118552821
118553216
118553356|3
118553461
118553526
118553569
118553720
11855381X
118553909
11855414X
118554190
118554212
118554492|4
118554603
118554654
118554751|4
11855476X|4
118554840
118554867
118554948
118555081
118555553
11855588X|4
118556142|4
118556231
118556878|5
118557211
11855753X
118557920
118558323
118558501
11855851X
118558692
118559230
118559516
118559559|4
118559605|3
11855963X
118559796
118560328
118560581
118560697|3
118560883
118560999|3
11856109X
118561545
11856157X
118561685
118561804
118561936|3
118562185
11856224X
118562258
118562290
118562347
118562681
118563076
118563300
118563386
118563572|3
118564145|2
118564404
118564722
118565036
118565753
118565796
11856627X|3
118566636
118567713|2
118567837|3
118567934|3
118568434
11856868X
118569317
118569481
118569597|3
118569600
118569880
118569945|6
118570080
118571036|2
118571508
118571842
118571869|4
11857194X
118571990
118572148
118572954
118573071|3
118573527|6
118573632|3
118573853
118573934|3
118574469|3
118574523
11857471X|5
118575287|5
118575449
118575465
118575856
118576089
118576291|7
11857633X|2
118576518
118576771
118577409
118577700
118577808
118577905
118577972
118578065
118578073
118578189|3
118578375
118578413
118578448
118578529|3
118578723|5
118578995|4
118579207
118579436
118579894
118580310
118580604
118580728|3
118580736|7
118580744
118580779|6
118580906
11858104X
118581201|2
118581465
118581775
118581813
118581945|4
118582038
118582143
118582267
118582453
118582607
118583107
11858331X
118583417
11858362X|3
118583689
118583700|6
11858412X
118584375
118584588|4
118584596|5
118584758
11858524X
118585754
118585940
11858622X|3
118586548
118586688
118586777|3
118586890
118587005
118587013
118587234|4
118587404
11858751X
118587684|5
118587943|3
118588893
118589598|5
118589636
118590111
118590510
118590537|3
118590618
118591029
118591177|4
118591673
11859169X
118591843
118591940
11859320X
118593226
118593234
118593315
118593625|2
118594117|5
118594168
118594869
118595237
11859527X
118595512
118595695
118595741
118596608
118596721|5
118596829
11859687X
118596942|6
118597442
118597523
118597655
118597779|5
118597914
118598090|4
118598104
118598155
118598651|4
118598988|7
11859902X
118599100|4
118599976
118600028
118600486
118600850
118600877|5
11860094X
118600966|6
118601024
118601032
118601067|5
118601121
118601148
118601644
118601709
118602160
118602519
118602667
118602985|5
118603426
118603612
118603817
118604449
118604902
118605089
118605348
118605534
118605690|7
118605933
118605976|6
118606042
118606360
118606662
118606832
118607154
11860757X
118607626
118607871
118607960
118607987
118607995
118608002
118608762|3
118609467
118609920|3
118610023|2
118610473
118610643
11861066X
118610740
118610953
118610961|4
11861116X|7
118611232
11861164X|7
118611666|4
11861214X
118612409
118612425
118612433
118612514
118613073
11861343X
118613510
118613685
118613723
118613774
11861391X
118614339|5
118614363
118614576
118614800|3
118614916|9
118615017|6
118615378
118615688
118616005|4
118616129
118616277
118616366|4
118616374|4
118616536
118617230
118617257
118618113
118618458|3
118618725
118618784
118618814
118618830
118619004
11861908X|5
118619098|4
11861911X|5
118619314
118619780
11861990X|5
118620096
118620185
118620193
118620207
118620401|5
118620517
118620614
118620878|7
118620916
118621009
118621130
118621165
11862119X|11
118621327
118621378|2
118621483
118621815
118621823
118622110
118622161
118622277
118622293
118622404|3
118623257
118623443
118623575
118623990
118624105
118624423
11862444X
118624539|3
118624822
118625063
118625306
118625756
118625896
118625985
118626116
118626353
118626523|5
118626574
118626620
118626825
118627058
118627066
118627287|5
118627309
118627503|2
118627546|4
118627813
118627910
118628429|3
118628763
118628879
118628976
118629662|5
118629786|3
118629867
118630202
118630245
11863027X
118630563
118630830
118630954
118631373
11863142X|3
118631713
118631764
118632302
118632477
118632779
118632841
118633112
118633252
118633465|4
118633716
118634313
118634437
118634623
118634712|4
118634879|2
11863495X|3
118635174
118635212
118635867
118636421|4
11863643X|3
118636456
118636715
118636812
118636847
118637223
118637479
118637584
118637703
118637886
118638017
118638084
118638149
118638157|4
118638289
118638602|4
118638629|3
11863870X
118638904
118638947
118639226|3
118639293
118639315|4
118639366
118639463
118639471|3
118639528|7
118639676
118639722
118639757
118640038
118640380
118640569
118640682
118640801
118640887
118641107
118641131|5
118641158
118641255|5
118641492
118641816
118641832|3
118641859
11864212X
118642359
118642375
118642405|3
118642472
118642529
118642545|2
118642669|3
118642677
11864291X
118642995
118643010
118643037
118643118|5
118643231
118643495
118643533
11864355X
11864372X|6
118643819
118644122
118644130|3
118644254
118644300|7
118644521
118644548
11864517X
11864565X
118646184
118646192|5
118646265
118646532
118646540
118646583|4
118646885
118647512|2
11864758X
118647814
118648071
11864808X
11864811X|5
11864839X|4
118648594
118649442
118649485|3
118649574
118649604
118650386
118650890|3
118650947
118650963
118651218
118651471|4
118652028|3
118652036|8
11865215X
118652931
118653369
118653393|3
118653857
118654195
118654292
118655132
118655191|7
118655329|3
118655671
118655930
118655957
118656295
118656856
118656864
118657038
118657062
118657097
118657135
118657518
118657542
118657658|3
118657771
118657836
118657887
118658077
118658115
118658875
118658980
118659170|4
118659243
118659561
118659642
118660063
118660144
118660217|3
118660284|3
118660292|2
118660497
118660764
118660934
118661590|3
118661914|6
118662406
118662570
118662864
118662996
118663291
118663593|3
118664085
118664638|2
118664883|3
11866493X
118665235
11866526X
118665324
118665340|5
118665618|4
118665685|8
118665790|3
118666134
118666215|3
118666312
118666401|3
118666584|3
11866672X|3
118667424
118667491
118667866
118667904
11866798X
118667998|3
118668099|3
118668153
118668161|3
11866817X
118668188|3
118668218|3
118668366
118668390|3
118668404|4
11866851X
118668757
118668773
118668927
11866901X|4
118669109|5
118669168|5
118669729
118669796
118669818
118669923
118670042
118670115
118670247|3
118670263
118670336
118670387
118670913
118670980
118671383|5
118671626
11867191X
118672207|3
11867238X|4
118672398
11867269X
11867272X
118672789|3
11867286X|3
118673920
118674072|3
11867434X
118674471
118674501|5
118674714|3
118675109|4
118675427
118675648|6
118675974
118676237|2
118676423|7
118676687
118677012
118677047|5
118677187
118677403
118677667|4
118677896
118677977
118678043
118678302
118678396|3
118678469
118678841
118678957
118678973
118678981
118679236
118679287
118679732
118679848|3
118679856|5
118680129
118680552|3
118680684
118680897
118681508
118681524
118681877
118682342
11868289X
11868292X
118683071
118683144
11868356X
118683578|3
118683829
118683888
118684000
118684094
11868423X
118684280|3
118684418|3
118684639|5
118684663
11868468X
118685104
11868518X|3
11868521X|5
118685279
118685414
118685570
118685899
118685929
118686356
118686925
118687212|3
118687301
118688308|3
118688588|20
118688855|4
118689061|3
118689118|3
118689223
11868924X
118689363
118689878|3
118690655
118690728
118690876
118690949
118691147
118691287
118691511
118691805
118691929|5
118692070
118692429|3
118692445
11869250X|5
118692755
118694375|4
118694405|3
118694456|4
118694588
118694820|3
118695312|5
11869538X|3
118695398|7
118695495
118695762
118695959
118696025|3
118696238
118696343|4
118696610
118696750|4
118697498
118697641|3
118697854
118698370
118698508|3
118698753
118699121|4
11869930X
118699741
118699792
118700154
118700421
11870057X
118700944
118701223
118702262|3
118702394
118702688|3
118702890
118702955|3
118703323
118703366
118703668
118703811
118704133|5
118704931|3
118704958
118706047|5
118706055|2
118706608
118706640
118706888|2
118707469|5
118707701
118707795|3
118708236|5
118709143|3
118709216
118709291
11870933X
11870950X
118709712|3
118710222
118710524
118710648
118711091|3
118711113
118711172
118711709|4
118711873|3
118712357|4
11871290X|3
118712926
118713191
118713507
118715054|6
118715232
11871533X
118715461
11871578X
118715941
11871600X|6
118716123|3
118716158
118716204|3
118716220
118716344
118716425
118716573
118716662
118717200
118717243
118717251
118717294|4
118717391
118717448
118717650
118717707
118717758
118717979
118718274|3
118718312|5
118718320
118718428|3
118718517|4
118718649
118718843
118718983
118719025|3
118719580
118720074
11872018X
11872052X
118720554
118721941|3
118722298
118722603
11872262X|4
118722700|7
118723499
118723642
118724428|3
118724789
118724797
118725343|4
118725742
118725815|3
118726056
11872620X|3
118726528|2
118726552
118726943
118726978
118727338
118727869
118728830
118729225|3
11872942X
11873038X
11873105X
118731122
118731343
118731386|3
118731890
118732374|3
118732420
118732447
118732692
11873282X
118733001
118733141
11873377X
118733834
118734504
11873475X
118735128|4
118735144|3
118735500|4
118735853|7
118735926|7
118735950
118736302
118736728
118736787
118737031|3
118737082
118737627
118738208|3
118738410
118738550
118738623
118739131
118739670
118739964|5
118740008
118740709
118741713|4
118742027
118742361
118742418
118742973|5
118743627
11874383X|3
118744453
118744585|3
118744593|7
118744798|2
118744828|6
118745301|3
118745425
118746065
11874612X
118746146|3
118747800
118747975|3
118748521
118749137
118749560|3
118749595|3
118749811|3
118749897
118749900
118750011|6
118750178
118750542
118750771
11875081X|6
118750909|6
118751867
118751875
11875243X|3
118752561
118752618|4
118753290
118753517
118753711
118754319|3
118754343|4
118754394|4
118754408|3
118754599
118754653
118754688
11875503X|6
118755129
118755226|2
11875548X
118755552
118755714|3
118755722|3
11875582X|2
118755838
118756311
118757199
118757601
118757873|3
11875789X|3
118757911|2
118758187
11875839X
118760629
118761943|3
118761978|2
118762176
118762303|3
118762494|5
118763504
118763962|3
118764187|3
118764551|6
118764756|5
118765833
118766325
118767267
118767275|2
118767429|3
11876747X
118767534|3
118767542
118767755|3
118767933
118768085
118768239
11876831X|6
118768441
118768476|3
118768581|3
118768786
118768921|3
118768964
118768972
11876912X|4
118770004
118770284|3
118770489
11877056X|3
118770616|3
11877090X
11877137X|3
118771493
118771760
118771957|4
118772147|5
118772287|3
118773240
118773267|3
118773305
118773348
118773623
118773852|3
11877400X|3
11877414X
118774204|3
118774271
118774794|4
118774921|2
118775073
118775111
118775391|3
118775480|4
11877560X|3
118775634
118775766
118775782
118775863
118775901
118775944
118776126
118776223|3
11877638X
118776614|3
118776819
11877686X
118776991
118777084
118777149|3
118777165
118777238|4
118777602
118777688
118777742
118777807
118777920
118777955
11877820X
118778285
11877865X
118778730
118779095
118779133
118779184|5
118779311
118779354
118779524|4
118779559|5
118780026
118780069
118780220|3
118780255
118780409
118780522
118780557
118780581
118780603
118780611
118781154
118781189
118781308
118781375|3
118781421|3
11878143X
118781723
118781847|3
118781871
11878210X|4
11878241X
118782428|7
118782436
118782843|3
118783076
118783203
118783432|4
118784005
118784013
118784307|3
118784374|3
118784552|4
118784714
118784757
11878479X
118785028|3
118785079
118785230|3
118785273
118785400
118785680
118785702
118785885
118785958
118786075
118786180|7
118786199
118786253
118786261
118786431
118786598
118787047
118787306
118787519
118787608
118788140
118788345
118788523|2
118788752
118788906
118789244|3
118789619
118789791|7
118789848
118789872
118790072
118790358|4
118791141
118791257|5
11879129X
118791567
118791818|6
118792156
118792253
118792539
118792555|3
118792601
11879275X
11879308X|2
118793306
118793837
118793853
118793985|3
118794167
118794299
118794302|4
118794353
118794418
118794469
118794558
118794566
11879471X
118795295
118795317
118795546
118796089
118796887
118796968
118796976
11879700X
118797506
118798146
118798154
118798561|2
118798928
118798936|3
118798952
118799010
118799371|3
118799509
118799517|3
11879955X
118801252|8
118801325
118801422
118801457|3
118801538
118801899
118802054
118802496|3
118802550|4
118802631|3
118802755
118802879
118804154|3
118804219
118804375|2
118804383
118804650
118804952|9
118805517|3
118805657
118805681
118805789
118805851
118805991
118806130
118806548|3
118807153
118807161
118807196|3
118807250
118807277|3
118807692
118807854|3
11880815X
118808230
118808346
118808370|3
118808850
118809466
118809555
118809571
118809709
118809962|5
118810901
118811037
118811223
118811266|3
11881169X
118813412|3
118814044|4
118814249|4
118816098|3
118816942|3
118818651|3
118818686|7
118819127
118820621|3
118821024|3
118821040
118821210
118821628
118822756|3
118823035
118823078|3
118823442
118823868
118825682|3
11882581X|3
118826948
118827472|3
118829106|3
118829173|3
118829998|3
118832433|5
118832794
118833715|3
118834835|3
118834959
118834967|5
118835289
118835351|5
118835394
118835424
118835580
118835750
118836161|3
118836307|3
118836315
11883634X|5
118836358|3
118836927|6
118837664
118840150
118840452
118841009
118841920|3
118841963|3
11884346X
118843990
118846922
118847503|3
118847538
118847546|3
118848526
118848895|3
118849255
118850415|3
118850776
118851659
118851977
118852116
118852124|3
118852213
118852868
118853805
11885478X|3
118854887|3
118855034|3
118856138|5
118856901
118856960
118857142|2
118858025|6
118859935|3
11885996X|3
118860372
118860801|3
118862588|2
118862979
118863371
118863533|3
118863541|3
118863959|3
118864106|4
118864815
118865188
118865609
118865684
118865900
118866257
118867326
118867946
118868306
118868829
118869299
118869302
118869442|3
118870319|2
118870874
118870912|3
118872079|3
11887280X
118874454
118874462
118874969
118875655|4
118875663|3
118876430|3
118876759|3
118877380
118877496|3
118877895
118877909
118878247
118878344
118878921
118880128
118880489|2
11888168X|3
118881779
118883100
118883658
118883933
118884093|3
118884107|2
118884115|3
118884816
118884891|4
118885235
11888543X|3
11888588X
118886568|3
118886576
118887254|8
118888447
118890166
118890549|3
11889062X
118890638|5
118890670
118890743|3
118890875
118890883
11889112X
118896180
118896229|6
118898248
118899597
118899627
118901680
118901753|3
118903861|7
118904418
118904531
118905708
11890714X
11890745X|3
118907735|3
118908138
118908618|3
11890874X|3
118909177
118910086
118910361
118911937
118911996
11891202X
118912917
118913190|4
118913840
118914081
118914812|3
118914847
118917382|3
118917447|3
11891796X
118917994
11891801X|3
118918168
118918184
118918834|3
118918842|4
118919105
118919148
118919164|3
11891958X|3
118919652
118919660
118920251
118920626|6
118920928|2
118920936|3
118921088|3
11892155X
118921592|3
118922505
118923404|3
118923692
118923722
118924265|4
118924532
118924885|3
118926802|5
118928619
118930931
11893094X
118931121
118931482|3
118931776
118934163
118934503|4
118935275
118937359|3
118937367|4
118937650|4
118937790
118937863|3
118938533|3
118938975
118939394
118939408
118939440|3
118939734
11894049X
118940732
118941038
118941054|3
118942956|2
118943030
118943391
118943774
118944436
118944940
118946536
118947664
118948644
118948652|4
11894889X|3
118949756
118950193|5
118950436
118951114|6
118951122|5
118951319|3
118951688|3
118953060
118953915|4
11895394X
118954067|4
118954504
118954555
118955039
118955683
118956124|5
118957260
118957627
11895850X|3
118958992
118959190
11895976X
118960423|4
118960644
118961837
118962256
118963147
118964046|3
11896562X
118966065
118966235
118967460
118968041
118968157|3
118968572
118969080
11896979X
118971611
118972650
118973088
118973258|3
118973649
118974173
118974408
118974742
118975099|3
118975420|3
118975579|3
118975773|3
11897811X
118978195
118980025|5
118980939|3
118982044
118983318
118983776
118983849|4
118984810
118985655
118985973|5
11898599X
11898618X
118986481
118986724|2
118986740|3
118989138
118989936|3
118991035
11899185X|3
118992236
118992880
118993690|3
118993763
118993852|3
11899462X
118995014
118995022|3
118995049|2
118995081
118996711
11899820X
118999664
119000008|7
119000539|3
119000725|4
119001446
119002043
119002248
119002523|3
11900321X|3
119003732
119004941|4
119006189
119006499|3
119006669|3
119006960|3
119006987|5
119007401
119007576|3
119007819
11900853X
119009048
119009056
11900965X
119009706|3
119009803
119009862
119009986|3
119010003|4
119010046
119010097|5
119010305
119010364
119011239
11901176X|6
119011778|4
119013584|3
119013754|4
119015277|3
119016206|3
119016214|3
119016222|3
119016524|3
119016532|3
11901680X
119017490
119017857|3
119018551
119018934
119020777
119020866
119021439
119021633|2
119022125
119022486
119024578|3
119024586|3
119024705|3
119025361
119025493
119025809
119029669|3
119030314|3
119030705
119032406|3
119032740
119033062|2
119034883
119035111
119035383
119035510|3
119036355
119036665
119037556
119037696
119038161|3
119038293|4
119039273
119042541|3
119042975
119042983|3
119043211
119043564|3
119043572
119043688|3
119043998
119044706
119044730
119045451
119047675
119049252
11904983X
11905339X
119053810
119054698
119055473
119055716|3
11905647X
119057077|3
11905907X
119059193
119059231
119059355
119059614
119059703
119060507|5
119060590|5
119060752|4
119060922|3
119061198|3
119062526
119062763
119063379
119063891|6
119064855|3
119065290|3
11906815X
119068389
119068591
119069261|3
119069830
119071002|3
119071010|3
11907124X
119071606
11907317X|5
119073234
11907396X
119074672
119075113|3
119078813
119080389
11908399X|3
119084341
119084368
119084880
119085003|5
119085216
119085917|3
119085925
119086395
119086875
119087286|3
119088789
119091097|5
119091186
119092514|3
119092786|3
119095165|2
119096757|3
119096765|2
119097842
11909892X
119099071|3
119099128
119099322
119099675|3
119099802
119099853
119099969
119100320
119101343
11910184X|3
119102080|3
119104636
119105683
119106698
119107252
11910783X|5
119107880
119110016|3
119110024|4
119110040|5
119111098|3
11911139X|3
119111527|4
119112159
119112280
119112329|3
119112604
119113953
119115441
119116383
119116510|3
119118009
119118602|3
119119390
119120283
119120623
119121328|3
119121387
119121514
119121808
119121999|4
119122081
119122421
119122537
119122545
119122855|3
11912288X
119123134
119123223|5
119123916|3
119123940
119125811
119127601|3
119127652
119127695
119127709|5
119127717|3
119129647
11912971X
119132443
11913375X
119133911|3
119135094
119138131|3
11913814X|3
119139804
119140055
119140802
119141426|3
119142406
119142457
119143550|4
119144239
119144271
119144549|3
119144980|5
119146681
119147025|3
119147033|3
119148641
119148765|3
119149397|3
119149419|3
119149575|3
119150034
119150514
119154595
119156040
119156164
119157918|4
119159635
119159724
119160048|3
119160099
119161435
119161508
119161923|6
119162962
119163187
119164663
11916681X
119167190
119167239
119167549
11917099X|3
119172275|6
119173972
119174030|3
119174049|4
119174561|3
119175606|3
119176653|4
119177870
119177978
119178532
119180731
119181002|3
119181045|2
119181479
11918334X|2
119183366|4
119183900
119186144|2
11918625X|2
119186322|4
119186497|3
119186535|3
119188244
119188562|4
119189151|3
119189275
119190729
119193701
119196476
119197065
119202417
11920357X
119203588|3
119206501
119207583
119207796|2
119208261
11920830X
119208946
119209314|6
119210266
119210568
119211025
119211653|4
119212323
119216132|4
11921895X
119220814
119221144
119221187|7
119222434
119222760
119223295|4
119224100|3
119224151|4
119228831
119229943
119230801
119231492|3
119232030
11923226X
119233428
11923517X
119236990
119238470|3
119239868|3
119241269
119242125
119244349
119244616
119246635|3
119249294
119249901
119251590
119251604
119253933|3
119255472
119255529
119255936|4
119255944|3
119255960|3
119257025|3
119258021|3
119258951
119259265
119262444
119262509|3
119262878|5
119262932|3
119263025
119263475|6
119263912|5
119264897|4
119264935
11926496X
119265052
11926708X
119267632|5
119267640
119267659
119268752
119268779
119269082
119271559|5
11927213X
119273853
119274191|3
119274582|2
119277557|3
11927809X
119278227
119278308|6
119278359|3
119278898
119279878
119280574|3
119280655|3
119281937
119281953
119281961|4
119282186
119283263|3
119285452
119285517
11928586X|2
119286335|3
119287056
119287439|4
119288176
119288370
119288397
119288567
119291258
11929138X|3
119291525|5
119291614
119293412
11929348X
119296217|3
119296225|3
119296349
11929656X
119296675
119296683|3
119296985
119297582
119298406
119300060
119300435|3
119301121
119301199|3
119301989
119302144
119302756|2
11930418X
119305437|3
119306476|4
119307499|3
11930810X
119308169
119309025|5
119309912
119309998
119310023
119310082|3
119312212
119312247|3
119312484
119313804
119313960|3
119314061|4
119314622|3
119315343
119316692|3
119316897|4
119316994
119317133|3
119317141
11931715X|4
119317168|3
119317176
119317826|3
119321203|3
119322366|3
119322382|3
119322390|3
119322404
119322420|2
119322463|3
119322897|3
119324768|4
119326469
119326728|3
119327856
119327937|3
119329751
119330563|5
119330989|3
119331128|4
119333465|3
119334607
119335034
119335689
119337800
119338106
119339064
119340976
119343118
119343959
119344769
119345323
119345390
119345544
119348047|3
11934856X
119351064|3
119351455|3
119351641|6
119352486|4
119352508
119352931|3
119353725
119353733
119353792
119354438|3
11935523X
119355272
119355329|3
119357437
119358905|3
119360659
119361116
11936137X
119361418
11936154X
119362112
119362406
119362562
119363062
119364409
119365324
11936610X|3
119368129
119368323
119368684|3
119368692|5
119368706
119368714|3
119368722|3
119370719
119373726|2
119374536
119378116|5
119378523
119378671
119380412|5
119380749
119380765|4
119383314|3
119383438
119384035|3
119384329
119385309
119385724|3
119385856
119386518|4
119386526
119386984|5
11938700X|3
119387018
119388057|3
119388472|3
119389533
119391708
119391732
119392984|5
119394693|3
119396289
119397277
11939779X
119401053|5
119401061|3
119401096|5
119401126|6
119401177
119402637|3
119402696
119403463|3
119404230|4
119404257
119404532|3
119405040
119405954
119406772
11940818X|3
119408961|3
119409542|3
119410680
11941077X
119411903|3
11941340X
119414082
119417308|3
119417804|3
119417812|3
119419475
119421518
119425580
119425920|5
119428512|3
119428970|3
11942911X|3
119429292|2
119430002|4
119430606|5
119430959
119431297|3
119431351
119432714|5
119433230|3
119434555
119435993
119436167
119436744
119441446
119443511|3
119443732
119443880|4
119444623
119444704|5
119444933|3
119448009|3
119448408
119449072
11945002X
119450240|4
119454351
119455501
11945551X|3
119455668|3
119456001|3
119456052
119456176|4
119456613|4
119456664|3
119458454
11945873X|3
119458756
119458810|3
119458853
119459078
119465051
119466805
119466848
119466864
119466910|3
119466945
119466953
119469022|3
119469049|3
11946912X|4
119469693
119469707|3
119470861
119470896
119472031|3
119472805|3
119472937
119477807
119484749|3
119484811
119486725
119487411|3
11948756X|3
119490552
119490781|3
119491397
119493020
119494353
119495732
119495899
119496550|6
119497921
119498561
11949924X|5
119499320
119499819
119500027
119500043|3
119500132|3
119500264|3
119501694
119501716|3
119501805
119501821
119503662|2
119503670|3
119503700|3
119503816
119503824
119505304
119507633|3
119508036
119508125
119509903
119512238
119512572|3
119513021|3
119513919
119514729|7
119514737|3
119515903
119516624|3
119518473
119519216
119520001|3
119522292
119523108|3
119523442
119523876|3
119524805|3
119524872
119524902
119525011|5
119526786
119527472
119527847|6
119527995|3
119528193|3
119531569
119533219
119534673
119539632|3
119542269|3
119545233|6
119545438
119545780
119545837
119547074
119549204|3
119549220|3
119549239
119549263
119550393
119550628
119551020
11955111X
119552590
119554887|3
119555875
119556081
119559854|3
119559978|4
119648105
119650967
119692597
119716097
119732769
119811952|2
119824183
120013665
120021285
12002330X
120059525|3
120065827
120065894|3
120079313|2
120080257|3
120080788
120131730
120138980
120139057
120161761|3
12016485X
120167034
120167123
120185695|3
120191628
120198509
120204908
120211874
120220644|3
120236060|4
120240882
120243148
120252805|3
120269317|2
120273977
12028572X
120297450|3
120299526|3
120327112|4
12034369X
120346400
120367246|3
120407663
12040771X|3
120407795|3
120407825|3
120408007
120419548|4
120427338|3
120430398
120431238|3
120436671
120436752|3
120436809
120442779
120456052|3
120457822
120474867
120491761|4
120528169
120533405|3
120538520
120540215
120551365
120560720
120577690|3
120583410|3
120587173
12061961X
120633728|3
120655306
120656914
120659328|3
12065959X
120665336
120671727
120701421
120713039
120716771|4
120720752
120724103
120729180|5
120729237|3
120733684|3
120734303|3
12073916X
120747316
120769158|3
120769913
120770008|3
120790009
120811588|3
120814684
120815796|3
120815893
120820242
120820757
120844141
120849615
120852462
120858169
120858576
120862190
12086245X|3
120880636
120888807
120888904
120888963
120889684|3
120889692|3
120890038
120890143|3
120890437|3
120891204|3
12089162X
12090327X
120917068|3
120927942
120939088
12095110X
120951436
120984814
120997118|3
120997657|3
121005453
121006883
121041336
121045706|3
121057682
121058751|3
121059057
121064085
121064344
121064905
121068218
121071006
121071146
121071189|3
121071235
121071456
121080463|3
121083039
12109538X
121097331|3
121097684
121099571
121120791
12112486X
121137473|3
121138143|5
121149072
121149951
121156621
121158586
12115873X
121191974|3
121193071|3
121196488
121199398
121204553
121216586
12122144X
121225488|5
121235874
121244830
121248321|3
121251152
121253171|3
121260631|3
121261158
121262758
121283968|3
121297292
121302490|3
121302520
121302539
121302547|3
12130258X
121308308
121320677|3
121321541
121336670
121336794
121347036
121366316|3
121387135
121395545|5
121397661|3
121397963
121399486
121409163|3
121409171|3
121418952|3
121438775
121444554
121445437
12144550X
121452441|3
121452956
121453006|3
12145407X
12146234X
121463516|3
121469735
121470709|3
121490785
121493547|3
121501205
121501213
121501280
121501299|3
121502945|3
121514897
121535444
121540235|3
121540243
12155435X|3
121559165|3
121572641
121573591|3
121574032
121579808|3
121580520
121584151|5
121585204
121585646
121587932
121588386|5
12159811X
121599027|3
121602281
121608603
121636011
12164992X|4
12166032X|3
121664678|3
121673936
121677605
121693538
121702286
121720705
121720721|3
121760251
121760294
12176060X|3
121764656|3
121799670
121806642
121807304|3
12180769X
121810828
121846539
121849465
121852989
121853705
121861600|5
121870332|3
121872513|3
121877965|3
121881164
121881865
12188192X
121885852
121885976|3
121888541
121900274|4
12191173X|3
121912760|3
12192811X
121930238
121930335
121948277
121950921
121970019
121970485
121978796
12198365X|3
122002717
122005961
122010604|3
122011104
122044401
122044916
122057430
122071395
122074262
122075501
122075633
122078691
122081250
122097580
122099842
122114140
122120884
122122275|3
12213124X
12213852X
122145968
122155637
122155742|3
122168941|3
122169344
122169425
122186702
122192117|3
122196503
122197631
122210999
122215621|3
122216954
122218264
122254678
122254821
122261577|3
122261836|3
12226715X
122267923
122294505
122315073|3
122325176|3
122327071
122328884
122348680
122356306
122359607
122364821
122386973
12239352X|3
122394704|3
122395883|3
12239657X|3
122397282|4
122414721
12241487X
122416031
12243854X|3
12244437X
122445643
122465903
122477871|2
122488792
122488814
122505824|3
122513800|3
122531329|3
122548620|3
122573501|3
122584503|3
122595343
122604113
122604970
12262162X|3
122621646|5
122623142|3
122630025
122635388|4
12263540X
122635418|3
122638077
122638131|3
122638840
122661672
122662156
122664663
122678761
122685164
122686896
122693469
122698061
12270018X
122700198
122703979
122704053
122704061
122705122
122737458
122737512|3
122762215|2
122762223
122774582
122776526|3
122777832
122781376|3
122781570
122783166|6
122783239
122788346|5
122800648
122800702
122802381|3
12280239X|4
122827147|3
122834216
122840100|3
122840313|3
122848926
122848985
122849019
122849108|2
122850904
122869117
122877292
122879228
12290592X
122912098|5
122914015
122922980
122927516|5
122934482|3
122934881
122944607
122961900
122965299|5
122965523
122967046
122971841|5
122978242
122978331
122978420|3
122979168
122986857|3
122994205
122995023
123035767
123042844
123055334
123055784|3
123060311
123062179|3
123079012
123086272
123093848|3
123094550
123112486
123146518|3
123161460|5
123162750
123163234|6
123163919|3
123164745|3
123165415|3
12316544X|3
123165687|3
123166802|3
123166896|3
12317659X|2
12318617X|3
123191734
123210178
123218926|3
123219841
123225647
123227739
123228786
123245613
123259479|3
123259908|3
123261368
123274931|5
123281954|3
123282721
123284546
123289491|5
123293839
123294673
123317673|3
123345766
123361761
123361842
123367727
123370019|3
123373409
123375444
123380502|2
123386098|3
123393116|3
123418704
123424623
123426391|3
123431891
123439299
123454832|3
123469899|3
123473918|5
123477506
123481880
123494591|6
12350175X
123506204
123520681
123525721|3
12352766X|3
123536405|3
123540682|3
123541441|3
123545269
123562074
123574889
123578345
123582601
123588995
123594081|3
123594804|6
123600936|3
123607167|3
123609844|3
123610338|5
123615615|4
123626498|3
123627230
123628342
123641314
123643155|5
123643171
123646103
123649234
123654246
123656915|5
12365758X|3
123658292|3
123683637|3
123713455
123716055|3
123721644|3
123721857|3
123727812|3
123728754|3
123728835
12373083X|3
123730872|3
123741874
123748054
123749328
12375111X|5
123761964|5
123766893
123768217|3
123772265
123776228
123800315
123808049|3
123808294
123839289
123841690
123842069
123852374
123853222|4
123857775|3
123859646
12386769X
12387162X
123877822
123878829|5
123881439|4
12388179X
123890217
123901898|3
123906970
123908418|4
12390921X|3
123909260|3
123910587
123911117|3
123911370|3
123919703|3
123921058|5
123924774
123925037
123926823|3
123927862|3
123928273
123928389|3
12393091X
123931002|3
123936063|3
123936993
123937698|3
123938252|3
123939062
123940680
123941067|4
123942837
123942896
123952239|3
123954487
123963516
123968453
123968658|3
123970814
123970857
123970954|3
123972639
123979730|5
123980313|3
123986346
123990475|3
123994810
123995914|3
123996066|4
123997593
123998204|3
124000118
124015875|3
124022227
124023592
124041035
12404106X|3
124041175|4
124049125
12405384X|4
124057977
124060331|3
124063810|3
124065309|3
124073921
124074960|3
124074987|3
124097006
124101461
124117856|3
124118755|6
124120385
124125573|3
12412609X|3
124133193
124137954|3
124142702|3
124155545|3
124156266|3
124156312|3
124162878
124168329|3
12416952X|4
124172423
124187536
124198198|3
124201792
124203000
124233643|3
124240712
124252990
124259480
124263488
124263690
124264581
124264751|3
12426543X
124265642|3
124265707|3
124265952|5
124268498|3
124269273|5
124289819
124293379
124295959
124298923|5
124324932
124324967
124326501|3
124326919
124334644
124335853
124339069|3
124343414
124343686
124344658
124344690
124344968|3
12434965X
124350127
124358039
12435808X
124365248
124370039
124373011|3
124378773|5
124379923
124381723
124388213
124393586
124396089|3
124396690|4
124396917|3
124396941|5
124396968|3
124411037|3
124411568
124411576|3
124423485|3
124423795|3
124431313
124446809
124449867|3
124449905
124453317|4
124462103|3
124470300
124471765|3
12447747X
124479936|3
124485723
124498698|3
124502725
124502822
12450289X
124509800|3
124522785|3
124523951|3
124524273|5
124524540|3
124524613
124529054|3
124529550
124533361
124540023
124555578|3
124556566|3
124557031
124563929|4
124567118
124571360
124576621|3
124603386|2
124607950|5
124609899
124614175|3
124616836|3
124621546
124622887
124624200
124625045
124625363
124627927|3
124627951
12463561X
124661122
124662153|3
124663206
124671136|3
124671802|3
124691676
124692923|3
124698778
124699669|3
124721680
124725031|3
124727034
124729738|3
124729770|3
124731384|6
124732720
124739008|3
124742513
124757898
124767516|3
124770983|3
124772773|3
124785972|3
124788904
124805698
124825605|3
124827721
124841384
124856004
124863582|5
124868754
124876358|3
12487889X
124881645|3
124883575|3
12488623X
12488928X
124898645|3
124906869|3
124916430
124925928|3
124927424
124938302
12494714X|4
124947239
124948057|3
124952356
124953271
124953557
124954022|3
124969828
12497032X
124970346
12497046X
124974120
124976158|3
124985378
124985386|2
124988938|3
124989616
124996469
124999220
125006527
125012330
125990944
125992394
126097429
126224641
126253927|2
126399883|2
126415978|3
126443688
126592179
126617961
126624518
126676607
126703019
126963665|4
12704373X|3
127151176
12728060X
127408371
127416919
127494529
127497390
12751015X
127554831
127587519
12760863X
127657819
127693211
127738118
127813780|2
127916148
127952098
127959904
127990925
128035714
128061030
128228040
128348429
12834847X|5
128352132|3
128380144|5
128382260|2
128389419|3
128390085
128409096
128409355|3
128415819
128428031
128429224
128432330
128441062
128441178|3
12845279X|2
128457236|3
128460113|2
128460121
128460156|3
128471956
128475099|3
128480343
128482842
128508337
128511222|3
128511850
128518707|2
128518804|2
12851891X|3
128521066
128535555
128545011
12854743X|3
128550562|3
128553170
128573201
128575840
12857660X|4
128576820
128578580|3
128580399
128585293|3
128593857|3
128605049
128615141
128630930
128631899
128636335
128642343
128643099
128645121
128651989
128673281
128676175
128677791
128677945
128678259|5
128679948
128686138|3
128687738
128687886|5
128687991|3
128688068|3
128688505|3
128690615|3
128693584
128693630
128698144|4
12870179X
128703989|3
128704195
128706392|3
128716088|2
128730625
12873065X
128738332|3
128740205|3
128741740|3
128741775
128750537
128755865|3
128763396|3
128768967
128773537|3
128778458
128778482
128779195|3
128790776|3
128808632|6
128812834
12881926X|3
128821329
128822481
128825006|3
128833157
128840900
128842563
128843535|5
128848014
12884888X|3
128851902|3
128857269|3
128860782|3
128861312|3
128861533|3
128861614|3
128861649|3
128861673|3
128861843|3
128880104
128883472
128889500|3
128895195|3
128896329|4
12889640X|3
128907053|2
128910518
128910615|3
12891064X|3
128911026|3
128911085|4
128911867
128931833|3
128931930
128934174|3
128941286
128942541
128945621|5
12894871X
128953632
128957832
128959088
128959584
128959657
128961422
128974362
128978120
128979305
128987944
128988444
128988762
128988878|5
128997206|2
128997281
128998601
12900250X|3
129008346
129009024|3
129014893
12901804X|5
129018201
129018309|3
129018953
12902984X|3
129031127
129031135
129037230
129048623
129049603
129049824|2
129049859
129057487
129080861
129087955
129089117
129099023
129102490
129159131
129159212|4
129185434
129200395|5
129204145|3
129224170|3
129226297|3
129228508
12923074X
129232661|3
129241571
129246581
129248665|3
12926699X|4
12926704X
129273813|3
129289833|3
129290440|5
12929182X
129292206|3
129292230
129292311|3
129293202
12929327X
129302279
129331880|2
129347906
129351105|3
129362573|3
129363391|3
12937749X|3
129392316
129393436|3
129422711
129435740|3
129436186|2
129436313
129444073|2
12945706X|4
12946094X|3
129462543
12946435X|3
129464929|3
129474231
129479845|3
129480215
129481912|3
129485209
129485772|3
129486493|2
12949416X
129502693
129519502
129520039
129530425|5
129557005
129566446|3
12957385X
129583359
129591467
129596256
12959895X
129604682
129605360|3
129623644
12963414X
129635294
129635340
12964594X
129653128
129655910
129655988|3
129663778|3
12966457X
129675334
129680788
129690481
129690678
129707899
129713066
12972260X
129725013
129733474|3
12973957X
12973960X|7
129740446
129762571
129773751|3
12977524X|3
129798703
129809942|3
129810177|5
129815926
129834661
129848565
129851574
129854638|3
129855677|3
129867144|3
129871559
129884820
129891843|3
129894311|3
12989432X
129894834
12989592X
129917583
129926396
129945188
12994839X|3
129948748
129958816|3
129975605
129979058
12998308X
129988863|3
129996521|3
130014737|4
130019488|3
130038598|2
130048615|3
130053007
130054518|3
130067229|3
130072109
130080233|5
130089060
130097675
130114146
13012110X
130126594
13012723X
130129860|3
130132470
130136247
13014455X
130145424
130147001
130153478
130158224
130165433
130168203
130169439|4
130169676
130170100
130175773
130178837|3
130183954
130203920
130205591
130205648
130206164|3
130208841
130214566
130217549
13022295X
130234052
130234842
13023804X|3
130254029|5
130255572
130256277
130256897
130284858|3
130286532
130294608|3
130314854|3
130319619
13031997X
130325449
130344885|3
130362670
130362832
130366072
130366633
130426415|5
130453226
130472115
13047486X|3
130497746
13049786X
130500755|3
130510955|4
130511730
130511781
130531324
130533696
130537136
130544841|3
130556106
130567892|2
130583537|3
130584681|3
130590762
130591254
130595845
130610305
130614521
130616591
13061744X|3
130618667
130624675|3
130635642|3
130636568
13063672X
13063834X
130652806
130655643
130658081|3
130661570
130679038
130685976|3
130792551
130814970|3
130825808
13082738X|3
130840106|3
130860506|3
130861499
130866784
130881082|3
130885274
131358685|3
131368311
131371037
131400614|3
131423614
131457152
131457160|3
131461869
131486233|3
131498762
131502999|3
131503502|3
13151671X|2
131521195
131533479
131542893|3
131554921|3
131559990|3
131575864
131597558
131598589
131609149
131611925
13162847X
13162976X|3
131642049|3
131654926
131660845
131661795
131699865
131705989|3
131709720|3
131712705
131738259|3
131739859|3
131747568
131755528
131760718
131769936
131770217
131844415
131845586
131863169
131867482|3
131891618|3
131895044
131901958
131910337
131929062|3
131942522
131965719
131967983|3
13197162X|5
13197629X
131991701
131992759
13200867X|3
132018446
13202201X
132024519
132030497
13203591X|3
132044099
132056895|3
132061600|3
132086794
132092301|3
132100738
132101394
132117991
132121204
132126230
13213330X
132134055|3
132149133|3
132156776|3
132168413
132173921
132199394
132205955
132208474|3
132208644
132234165
132242567
132242605
132250934|2
132268779
132291231
132293412|3
132299852|4
132311232
132372126
132374684
132379457
132383470|3
132400421
132402130
132403293
132416301
132418320
132420872|4
132469871
132481936
132498057|3
132499630|3
132507811
132512130
132515024
13251608X
132522306
132522942|3
132531151
132535122|4
132569302
132570580
132570602
132578492
132594315
132594439
132598361
132617153
132617412
132618796
132619261|5
132625814
132634732|3
132638347
132640112
132649241|3
132700107|3
132711044|3
132716135
132722313|4
132722496|3
132724065
132759578
132770903
132780992|3
132796511|3
132800454|4
132800497|3
132813629
132814900
132834014
132858444
132903423|3
132924730
132946564
132947528
132949601|3
132955393|2
132978296|3
132999080
132999781
133002756|3
133012247
133012328|3
133028666|3
133031926
133038777
133048101
133048209
133053830
133054314
133054454
133117871
13313072X
13314478X
133145271|3
133160297
133161773
133166821|3
13317199X|3
133205231
133212602|3
133213609
13323942X|3
133296989
13329868X
133316602|3
133318052
133328260
133343871|4
133346102
133346757|3
133347133|3
133348474
133348741
133349063|3
133355268
133359409|2
133359794|3
133360008
133360148|3
133363457
133365573
13336920X
133377466
133418715
133420817|3
133436845
133442152
133464490
133466477
133467589
133478009
133482812
13353541X
13353961X
133551164|3
133555143|5
133556182
133575969
133580814
133583708|2
133592200
133612775
133615413
133643514
133645606
133651177
133653447
13366578X|3
133678571
133729702
13374373X
133760324
133831914
133872866
133882918
133882993
133912027|3
133920380
133946460
133949486|5
133992314
133995801|3
134000358|3
134004388|3
134011163
134021436|3
134026039
134026578
134041011|3
13406920X|3
134077563
134093380
134095200
134106210|3
134108051|3
134108493|3
134110358
134113195
134121481
134125665
134169913
134186400
134187091
13420221X
134208102
134228332|3
134246152
134255348
134271378
134311329|3
134311566|2
134312074|3
134316819
134322525
134322827|3
134325109
13432546X|3
134325931
134329279|3
134330021|3
134330730
134331044
134331125|3
134333179|5
134335120
134337220|3
134342860|3
134343441
134344529|3
134345002|3
134346211|3
134346653
134349091
134349512
134350685|5
134350952|3
134355989|3
13436094X
13436547X
134368142|3
134370821|2
134371151
134375394
134376579
134376609|2
134378598
134379128
134380886|3
134382153
134382331|3
134384032
134384938|3
134386760
134388801|3
134389484
13439075X|3
134392000|3
134393902|4
134400984
134402456|4
134404092
134405366|5
134407709|2
134411447
134412664
13441974X|3
134428048|3
134430131
134430468|3
134434730
134445058
134446550|3
134448219|3
134452798|3
134453387|3
134458893|3
134459164
134464672|2
134468988
134471792|3
134474929
134474937
134477863|3
134478444
134479289|2
134479599|4
134480368
134480759
134482409
134482689
134484320|3
134484886
134485211
134488970|3
134494741|3
134495535|3
134503821|3
134504976
134505808|3
134508211
134510380|3
134510712
134511069
134511239
13451789X
134521927
134524195
134535383
134541898|2
134543297
134546857
134547381
134552091
134558286
134563204
134566297
134567587|3
134568591
134569296|3
134571975
13457303X
134574079|3
134574729|3
134579321
134579690
134584287
134586573|3
134586654|2
134587928|3
134588355
134591240|2
134591593
13459195X|3
13459293X
134595947
134596269|3
134600118|3
134606833
134607422
134609557
134611039
134611306
134611403
134613023
13461660X|3
134616707
134617002|3
134618890|3
134619501
134619560
134619587
134619595
134620046|3
134623703|3
134623711
134624165
134624823|3
134625080
134628608|3
134628659
134628713|3
134628918
134633547
134634098
134634209
134636716|3
134636805|3
134638069
134638220
134640926|3
134644727
134644786
134652045
134654064|3
134654072|3
134656679
134663748
134663810|3
134663829|3
134665627
134670930
134672097|3
134672275
134674065|3
134674162
134674529
134675096
134676882|3
134678338
134679407|5
134679989
134681576
134683714|3
134684354
134691946
134694716
134695801|3
134697936|3
134706021|3
13471153X
134714148
134714733
134717899
134717929|3
134721691
134723759|3
134725786
134726294
13472870X
134729455|3
134731778
134734815|3
134736419|2
13473680X
134736869
134736885|6
134737989|3
134741919|3
134742710
13474280X|2
134745426
134749308
13475395X|3
134753968
134756908|3
13475994X
134762738
134764641
13476482X|3
13476692X|3
134767985
134768841
13476885X
134770870
134770889
134772628
134774639
134775279|4
134775333
134783549
134783689
134784979|3
134784987|3
134785045|4
134785096
134787633|3
134788478
134791169|3
134793870
13479432X|3
134794400
134797752|5
134799291
134800524
134801784|3
134801806
134801814
134802802
134803353
134807065
134809424|3
134815076
134819047|3
134822412|3
134826140
134828100
134829069
134830326
13483111X
134831918
134831950|3
13483240X
134833198|3
13483321X
134835034|5
134835042
134835948
13483643X
134836448
134838378|4
13484467X|5
134845633|3
134845641
134845943
134848136
134848233|3
134848861
13484890X
134852028
134852303
134856015|3
134857623|3
134859626|3
134863267
134863941
134864093
134865057
134866304
134868226|3
134869184
134871103
134875990
134878442
134880064
134885031
134885376
134885872
134890949|3
134894510
134900871|3
134902025
134902033|3
134907906
134910540
134910591
134912519
134914813|3
134919734
134933753
134940229|3
134942426
134943260
134945239|3
134945921
134948017
134960483|3
134960939|3
134961366
134962338
134966686
134968328
134969286|3
134970780|3
134971876
134972147|3
134979869
134984072
134984129
134985435|3
13498787X|3
134990218|3
13499454X
134998006
134999932
135000742
135008123
135008220
135008719
135012031|5
135012716
135013356|3
13501378X|3
135014549
135015146|5
135020689
135021685|3
135032067
13504295X
135043549|3
135044553
135045347|3
135054613
135056748|3
135059291|3
135059887
135063019|3
135067359
135067782|3
135087384
135092965
135094739|3
135098262
135103177
135114896
135129060
13512946X
135130042
135132029
13514289X
135142911
135144930|3
135144949
135144957
135145554
135153670
135155223
135175372
135187419
135193036
135208300|3
135209897
135222990
135224462
135236819
135237262|3
135242630|3
135252725|3
135266262
135266394
135266777
135280281|3
135280303|3
135280354|3
135281326|3
135289300
135290287
135291240
135294835|3
135301734
135303338
135307295
135307538
13530783X
135310318
135313732
135316855
13533070X
13533182X
135341787
135341973|2
135343399
135347343|3
135349605
135351022
135353920|3
135356938
135359198|4
135365120
135367107
135372194
135375800
135378346
135380561
135381355
135387620|2
135387647
135388929|3
135402611
135407915|3
135411084
135417201|5
135419875|3
135423686|3
135428963
135429714|3
135432987
135434297
135436575
135438721
135442281
135443660
135447224|3
135450004|2
135459354
135464099|3
135465273|3
135467896
135468949|3
135471354
135472385
135477573|3
135482240
135483123
135486408
135490669
135495539
135497965|3
135499895
135517907|3
135518040|2
13553898X
135546605
135614279|3
135620430
135634679
135648769
135662710
135672503
135702941
135725178
135729513
13575707X
135772559|3
135798442
13581300X
135850754
135858860
135870577
135875374
135892309|2
135904498
135906210
135913128
135920558
135920728|2
135922194
135955661
135959292
135975808|2
136025579
136054633
136078664
136085261
136101380
136137512|3
136160115
13616059X
136193110
136259928|3
136263879
136295452|2
13633508X
136342698|2
136427316
136429777
13643228X
13647490X
13653922X
136586953|2
136599958
136659837
136761887|3
136869890|3
136872816
136957765
136960715
136970761|3
136977626
13701158X
137029837
137031262|4
137088159
137101759|5
137108591
137187904
137192711|3
137194102
137199813
137213352
13723614X
137329202
137333110|3
137375468
137412533
137446713
137450753
137452241|3
137459556
137492332
137492758
137504535|4
13751266X
137554788|3
137568312
137641338
137645899
137651775
13765247X
137655959
137664737
137668406
137670850
137670869|3
137673116
137682093
137683723
137685491
137687591|3
137694938
137695098|3
137706537
137815662
137861001
137904967|2
137971508|3
138042217|3
138093288
138118280|5
138175330
138222525|3
138229031
138238650|4
138243549
138287546
138334277|3
138334986
13834907X|3
138376611
138386145
138403899
138442762
138493693|3
138543534|3
138559848|3
138561613
138571694|3
138638454
138673276|3
138689644
138698341
138720290
138745994
138749655
138795355
138818533|2
138878021
138883238|3
138885990
138897255
13891723X
138934436|3
138973970|3
138974004|5
139000100|3
139011609|5
139092218
139127046
139148841
139150013
139171363
139183507
139185224|3
139185232
139230076|5
139242511
139247130
139256881|3
139257497
139285008
13930147X|3
139316744
13932271X|2
139330232|3
139360948
139426809
139432973|3
139447644|3
139521631
139557032
139588167
139625038|3
139625143|3
139652604
139652698
139659498|4
139666486
139670696|3
139684026|3
139733590
139746757
139803033
139857842
139879366
13988551X
139963359|3
140025065
140025790|4
14003563X
140049363
140050205|3
14010125X
140130772
140139540|3
140153519
140195149
140195262
14021643X|3
14021934X
140239316
140241981|2
140293213
14035770X
14036451X
140372717
140391339|3
140442553
14045084X|3
140466959
140472983
140473521|3
140522263
14052990X|5
140531823
140533435|3
140550542
140571396
140594981|3
140612807
140644873
140699147
140703136
140724702
140741100
140790845
140797513
14080465X
14081096X
14082698X
140828834
140836357
140856463
140858571|3
140909249
140911553|3
140956174
141034211
141059559
141075724
141131772
141182490|3
141206330|3
141232714
141233648|3
141295694
14129776X
141299215
141303743
141307757
141320451
14133956X
141352086
141361611
141381507
141382708
141419571
141432683
141494131
141524367
141539690
141540052|2
141640650
141681276|3
141685204|3
141701552|4
141779802
141812095
141843322
141890258
141894407
14190559X
141943866
14199049X
142060089
142071099|3
142071455|2
142072443|3
142083518
142098922
142128465
142138940
142139289|3
142156019
142176575|2
142198927
142209406|3
142216410|2
142247839|3
142252573|3
142282804
142286257
142289000
142325651
142330043
142339474
142389501|3
14239131X|2
142520047|3
142552054
142574783
14258388X|3
142592471
142649503|3
142679259
142684554
14269276X
14269875X
142748447
142750670
142751758
142796697
142840068
142882690|6
142917664
142940623
142946125|4
142954160
142954446
142957852
14300977X
143023446
143098632
143164635
143174568
143199838|3
143256556|3
143280643
143346016
143372661|2
143377914
143428160
143458841
143501488
143549812
143641336
14364260X
143662074
143685333
14368700X
143696742
143697803
143746480
143754009
143792717
143833286|3
143896466
143906437|5
143920529|3
143938207
144029170
144043211|3
144055465
152324003
152725377|3
152864784
154860689|2
15675598X|2
15796857X
158771680
159634083
15993933X
16010873X
160221722|3
171451007
171958500
171998235
172000556
172018056|3
172025915
172029937
172049717
172085993
172092728
172118654
172127378
172172446
172215412
172216036
172253535|3
172257662
172286832
172414474
172477891
172544866
172563038
172574021
172664667
172672694
172697980
172777674
172826977
172916402
172950325
172970849
173054323
173100600|3
173127916
173127932
173161715
173161723
173187013
17323125X
173243126
17328633X
173597998
173599303
173741223
173743633
173809537
17380960X|3
173857248
173860087
173860486
173867898
173888232
173922481|2
17393711X
173973191
173993400
173993451
173998992
174000405
174028725
174029950
174044623|2
174046642
174046731
174047894
174054742|3
174066287
174068131
174076339
17407641X|3
174076614|3
174076622
174076770
174079281
174080492
174105452
17415903X|3
174353006
176258213|2
177716851|2
179899767|2
182475735|2
184639522|2
185678580|2
186219601|2
186254199|2
186746954
186783752|2
189580232
2006075-0|2
2126672-4
300000421
300001525
300001665
300001703
300002262
30000320X|2
300003218|2
300003250|2
30000348X
300003560
30000527X|2
300005350|3
300005377|2
300005393|2
300005423|2
300005431|2
300005652|3
300005725|2
300006209|2
300006403|2
300006640
300006667|3
300006764|2
300006772
300006780|2
300006799|2
300006802
300006829|2
300006837|4
300006845|2
300006861|2
300006888|2
300006926|2
300006969|2
300006985|2
300006993|2
300007019|2
300007108|2
300007132|2
300007167|4
300007175|2
300007221|3
30000723X|2
300007256|2
300007264|2
300007272|4
300007280|2
300007329|2
300007361|2
300007396|2
300007450|2
300007469|2
300007515|2
300007523|2
300007590|2
300007612|2
300007655|2
300007663|2
300007701|4
300007752|2
300007760|2
300007779|4
300007841|4
300007876|2
300007884|2
300007922
300007930|2
300007949|2
300007957|2
300007965|2
300007973|2
300007981|4
300008007|2
300008015|2
300008031|2
300008058|4
300008066|2
300008074|2
300008082|2
300008104
300008112
300008120|2
300008139|2
300008147|2
300008171|2
30000818X|2
300008198|2
300008201|2
30000821X|2
300008228|2
300008244|3
300008252|2
300008260|2
300008287|2
300008295|2
300008309|2
300008333|2
300008341|2
300008384|2
300008406|2
300008430|3
300008449|3
300008473|2
300008481
30000849X|2
300008503
30000852X|2
300008538|3
300008546|2
300008562|2
300008597
300008619
300008627|2
300008635|2
300008643|3
300008651
30000866X|2
300008678|2
300008686|3
300008694|2
300008724|2
300008732|2
300008740|2
300008767|2
300008783|2
300008791|2
300008805
300008813|2
300008821|2
300008848|2
300008864|2
300008872|2
300008899|2
300008902
300008910|3
300008953
300008961|2
300008988|2
300009003|2
300009011|3
300009046|2
300009054|2
300009062
300009070|3
300009089
300009097
300009100|2
300009127
300009135|2
300009143
300009151
30000916X
300009178|2
300009194|2
300009208|3
300009216
300009240|2
300009267
300009283
300009712|2
300009798|2
300009879|3
300009976|2
300009984
300010001
300010028|2
300010354
300010370|2
300010400
300010443
30001077X|2
300010842
300011113|4
300011806
300011881
30001189X
300011903
30001192X|2
300011938|2
300011962
300013434
300015003|4
300015186|2
300015194|2
300015305|2
300015348
300015453|2
30001547X|2
300015488|4
300015496|2
30001550X|4
300015542|2
300015755|2
300015798|2
300015895|2
300015925|2
300015933|2
300015941|2
300015968|2
300015976|3
300015984|2
300015992|3
30001600X|2
300016026|2
300016034|2
300016042|2
300016050|2
300016158
300016336|2
300016352|2
300016360|2
300016379|2
300016387|2
300016409|2
300016417|3
300016425|2
300016433|5
300016506|2
300016522|2
300016557|2
300016573|2
300016581|4
30001662X|2
300016638|2
300016646|2
300016662|2
300016670|2
300016697|2
300016719|2
300016727|2
300016735|2
300016786|2
300016794|2
300016808|2
300016824
300016832|2
300016840|2
300016859|3
300016867|3
300016875|2
300016883
300016891|2
300016905
300016999|2
300017057|2
300017065|3
300017073|2
300017081|2
30001709X|2
30001712X|3
300017146|2
300017154
300017421
30001743X
300017448|2
300017626|2
300017634|3
300017790|2
300017812
300017855
300017901
300017928|2
300017987|2
300019130|2
300019157
300019181|2
300019254
300019319|2
300019351|2
300019416|2
300019432|2
300019459|3
300020724|2
300020872
300020910|2
300022786
300022794|2
300023049
300023413|3
300024770|2
300024797|2
300024975|2
300025084|2
30002567X|2
300025696|2
300025726
300025742
300025874
300026692|3
300026862|4
300026897|2
300027044|2
300027052|2
300027109|2
300027125|3
300027192
300027214|2
300027230|2
300027354|2
300029160|3
300029209
300029497
300029594
300029608
300029705|2
300029713|2
30002990X|2
300029934
300029942|2
300029950|2
300029977|3
300029985|3
300029993|2
300030010|2
300030029|3
300030088|2
300030126|2
300030134|2
300030142|2
300031610
300033214
300033281
300033303
300033389|3
300033435|2
300033524|2
300033729|2
300033826|2
300033877|2
300033966|2
300034148|3
300034199
300034741
30003539X|2
300035454|2
300035616
300036035
300036175|2
300036302
300036744
300036787|2
300036809
30003685X|2
300036876
300036884
300036922
300037090|2
30003735X
300037635|3
300037643
300037678|2
300037864|2
300037880|2
30004173X
300041829
300041896
300042205|2
300042248|2
300042302|2
300042329
300042566
300042752|2
30004531X|2
300045565
300045638|4
300045700|2
300045735
300045816|2
300045840
300047592
300047894
300047959|3
300048114
300048122|2
300048300
300048319
300048343
300048440
300048866
300051018
300051565
300051751
30005324X
300053908
300057830|2
300058810
300058888
300059949|2
300059957
300060084|2
300060114
300060149
300060203|2
300060254
300060327|2
300061099|2
300061234
300061250|2
300061307|3
300062451
300064012
300064055|5
300064101
300064136|2
300064152|2
300064160
300064217
30006425X
300064543
300064578
300064594|2
300064624|2
300064675
300064705
300064764
300064837|2
300065175|2
300065434
300065469
300065477
300065531
300065590|2
300065655
300065752
300065787
300066252|2
300066295
300066341|3
300066651
300069413
300069626
300069669
300069677|2
300069685|2
300069693|2
300069707
300069715
300069723
300070071|2
300070136|2
300070179|2
30007025X|2
300070268|2
300070314|2
300070357|2
300070365
300070438
300070446|2
300077742
300079117|2
300088981
300091338
300091370
30009146X
300093098|2
300094787|3
300094868
300094884
300095120
300096453
300096461
300096488
30009650X
300096550
300096615
300097018|2
300097832
300097840
300097905
300098073|2
300098197|2
300098901
300098952
300099819
300099975|2
300100035|2
300100116|2
300100140|2
300101392|2
300101597
300101821|2
300101902
300102194
300102224
30010233X
300102488|3
300102658|2
300102666|2
300102674|2
300102704
300102771
300103069|2
300103077|2
30010412X|2
300104200|2
300104286|2
300105541
300105606
300105800
300105843
300106904
300107102
300107153|2
300107188
30010720X
300107242
300107331
30010782X|2
300108001|3
300108192
300108397
300108508|2
300108664|2
300108699
300108869
300108907
300108966|2
300108974|2
300108990|2
300109008
300109016|2
300109024|2
300109032|3
300109040|2
300109083|2
30010913X
300109148
300109156|2
300109571
30010958X
300109598|2
30010961X|2
300109644
300109849|2
300109962
300110103
300110200|2
300110227
300110278
300110464|2
300110499
300110669|2
300110731
300110758
300111053|2
30011107X
300111096
300111118
300111126|2
300111134
300111150
300111169|4
30011124X
300111282
300111304
300111339
300111363
300111584
300111665
300111762
300111789
300112009
300112068|2
300112793|2
300112866
300112904|2
300113056|3
300113064
300113943|2
30011527X
300115296
300115342
300115350|2
300115474
300115571
300115598
300115644
300115695
30011642X
300117345
300118465|2
300118481
300119208
300119224
300120249
300120699
300120796
300121008
300121555|2
300121636|2
300121792
300122098|2
300122195
300122233
300122268
300122330
30012239X
30012242X
300122454
300122470
300122543
300122616|2
300122705
300122802
300123019
300123116
300123639
300124112|2
300124244
300124554|2
300124562|2
300124597|3
300124619‏
300124678
300125143|2
300125232
300125275|2
300125399|2
300125755
300126794
300127820|2
300128908
300128916
300128940|2
300128959|2
300128983|2
300129483
300129971|2
300130791
300130856
300130988|2
300131046
30013228X
300132387
300132433
300132484|2
300132514
300132573
30013259X
30013262X
300132662
300132867
300132875
300132891
30013360X|2
300133731
300133863|2
300133928
300133936|2
300135041
300139152|2
300139985
30014007X
300140193|3
300140878|3
300141254
300141475
300141629
300141742|3
300141866
300142242
300142250|2
300142420|2
300142706
300142781
300143656
300144075|2
300144350
300144385|2
300144474
300144563
300144571
300144660
300144725
300144822
300145098|2
300145764
300145802|2
30014587X|2
30014590X|2
300145918
300145950
300145969
300146027
300146469|2
300146477|2
300146485|2
300146493|3
300146507
30014685X
300146876
300148321
300148518|2
300148585|2
300149573|2
300151837
300152027
300155042|2
30015528X
300155514
300155581
300155662
300155719
300155840
300155964
300156227
300156251
300156278
300156294
300156375
300156405
300156472
300156529
300156537|2
300156545
300156626
300156693
300156871|2
300157142
300157185
300157266
300157827
300159099
300159145
300159757
300159765
300161360
300161514
300162634|4
300162677|2
300164971
300165064
300165072
300165080
300165145|2
300165277|2
300165293
300165390
300165447
300165544|3
300165587
300165684
300165722|2
30016579X|2
300165838
300165927
300165951|2
300166028
300166192|2
300166222|2
300166354
300166400
300166508|2
30016663X
300166907
300166974
300167997|2
300168861|2
300169736|2
300169752
300169868|2
30016999X
300170084
300170165|2
300170238|2
300170289|3
300170327
300170548|2
300171374
300171447
30017148X|3
300171722
300171765
300171846|3
300174780
300176910|2
300177046
300178727|2
300179235
300179332
30017957X|3
300179634
300181671
300184247
300186150|2
300186258
300188285
300188366
300189559|2
300189567|2
300190166|2
300190700|2
300190719
300191359|2
300194773|2
30019711X|2
300201427
300201877
300204744|2
300205562|3
300205651|2
300206070
300208189|2
300208251
300208669
300211325|2
300211333
300211554
300211732
300213093
300213255
300214170
300214189
300214197|2
300216084|4
300220189
30022026X
300220278
300220332
300220391|2
300220472|3
300220642
30022236X
300222440|2
300222459|2
300223013|2
300223390|2
300223560|2
300225792|4
30022642X
300229356|2
300229550
30023161X|2
300231628|2
30023466X|2
300235313
300235704
300238282
300241399
300241534
30024200X|2
300245394|3
300245637|2
300246862
30024763X
300250134|2
300252226|2
30025265X
300252749|2
300253478
300260423
30026108X|2
300261098|2
300264291
300264623
300265220
300269382|2
300271638|2
300272529
300272545
300272766|2
300279078
300279426
300279485
30028022X
300280432
300284241|2
300287429|2
300287445
300290640
300292511
300293550|2
300294662
300295367
300296134
300296150
300297238
300297289
30030112X|2
300301286
300305699
300305885|2
300306075
300306091
300306105
300306210
300306296
300309511
30030952X
30031180X|2
300312008
300315775
300316321
300323409
30032572X|2
300327226
300331339
300334001
300335016
300342357
300345526
300346557|2
300348843
30034936X
300358210|2
300358369|2
300358946
300359764
300360568
30036248X|2
300371020|3
300380143|2
300383398
300384181|2
300391102
300397178
300397496
300400357|2
300401027
300402678
300406266
300407645
300407874
300408986
300413092
300415079
300424345
300424744
300425902|2
300427263
300428235
300428804|2
300431929|4
300433360
300434243
300434693
300437862
300440820
300442602
300444400
300444745
300446152
300447531
300452047
300460716
30046360X|2
300465394
300465408|2
300476302|2
300481128
300481543
300484135
300484615
300485522|2
300488602|2
300495668
30050313X
300505736
300509510
300513771
300514301|2
300521111
300525079|2
300525265|2
30052739X
300530501
30053082X
300533896
300535198
300542879
300544960
300559348
300560044|2
300560133|2
300560605
300560982
300561652
300571755|2
300571771
300592299|2
30060811X
300610971
300629400|2
300634234
300638345
300642490
300646909
300647042
300647808
300654294
300654308
300659504|2
300663617
300668902|2
300672829
300684924
300686439|3
30069170X
30069315X
300694342|2
300695799
30069590X
300704437
300724829
300746423|2
300747373
300747381
300762763|2
300763417|3
300765533
300768931
300781407
300781946
300784112|2
300787448
300802285
300808186
300808208|3
300808224|2
300808232|3
300808240
300808267|2
300815891|2
300816006
300817274|2
300820828
300826613
300834497|2
300842015
300842023
30084798X|2
30085093X|2
300853033|2
300855486|2
300856784
300859228|2
300862377
300868065
300868677
300868707
300870116
300880936
300880944
300892608
300894112
300894120
300896182|2
300898363
30090617X
300906501
300910460
300910789
300911106|2
300917236
300918984
300919018
300920970
300922396
300923708|4
300933398
300935072
300937946
30094022X
300953283
300956495
300965168
300966261
300971672|2
300972776
300979797|2
300981236
300986998|2
300993528
301000980
301007470
301008663|2
301015937
301021643
301021678
301022097
301025274|2
301030723|2
38146282X|2
4021952-5
4040357-9
4112712-2
4127258-4
4127263-8
4127764-8
4145794-8
4153531-5|3
4156945-3|2
4176737-8|2
4188364-0
4189844-8
4190539-8
4198689-1
4203481-4
4204226-4|2
4207320-0|2
4234706-3|3
4243948-6
4247025-0|2
4276264-9|3
4276408-7
4282001-7
4327122-4
4329967-2
4346445-2
4349652-0|2
4352602-0
4356571-2|2
4362542-3
4378442-2
4378443-4|2
4382896-6
4390758-1|2
4395066-8
4399324-2
4399716-8|2
4417835-9
4418076-7
4420477-2|2
4420634-3
4424921-4
4425045-9
4426034-9|4
4428062-2
4428078-6
4428204-7
4428515-2
4443089-9
4458131-2
4462324-0
4469525-1
4481756-3
4484771-3
4486105-9|2
4493513-4|3
4496462-6
4525016-9
4530309-5
4530311-3
4530312-5|2
4530314-9|2
4530316-2
4530321-6
4532036-6
4547981-1
4564138-9|2
4575819-0
4578913-7|2
4627366-9
4629625-6
4658394-4|2
4661153-8
4662220-2
4667404-4|2
4675429-5|2
4675658-9|2
4688606-0|2
4703107-4|2
4707435-8|2
4716762-2|2
4718195-3|3
4732797-2
4741881-3
4744109-4
4745963-3
4748691-0
4756592-5
4758730-1
4764437-0
4765662-1
4791730-1
4793097-4|3
4799516-6
4825553-1
4831604-0
5038978-6
5142877-5
5530357-2
7524745-8
7549211-8
7561954-4
7561958-1
7573752-8
7575315-7
7575322-4
7575331-5
7575871-4
7579951-0
7588165-2
7596275-5
7598395-3
7599712-5
7606951-5
7606969-2
7616420-2
7626634-5
7629205-8
7634740-0
7642619-1
7650490-6
7665422-9|2
7666660-8
7667334-0|2
7667335-2|3
7667341-8
7670202-9
7672605-8
7675892-8
7681783-0
7690706-5
7690997-9
7691277-2
7701699-3|2
7707024-0
7710742-1|2
7714797-2
7719445-7
7731144-9|2
7734426-1
7753859-6
7753860-2
7754981-8
7755069-9|2
7755189-8
7755860-1
7840442-3
7858739-6
813357-8
TYP-w|2
